KEYBOARD_TYPE: tablet
PRACTICE_WORDS_PER_INPUT: 13
WORD_ORDER: [tales, sires, find, core, sicker, hailed, bale, mans, coy, falls, sue, tin, dubbed, shier, dipped]
NUMBER_OF_TIMES_PLANE_BREACHED: [1, 1, 1, 1, 2, 10, 1, 1, 1, 1, 1, 1, 2, 1, 1]
DISTANCE_TRAVELED_TOUCH_ONLY: [41.771385, 27.309427, 18.248003, 22.568996, 46.74403, 132.12135, 39.905464, 38.797127, 17.08149, 38.6027, 17.188972, 10.50164, 16.474953, 24.724924, 32.12456]
DISTANCE_TRAVELED_TOUCH_ONLY_SHORTEST: [41.771385, 27.309427, 18.248003, 22.568996, 44.07494, 132.12135, 39.905464, 38.797127, 17.08149, 38.6027, 17.188972, 10.50164, 16.474953, 24.724924, 32.12456]
TIME_DURATION_TOUCH_ONLY: [1.1240115, 1.1341975, 0.770125, 0.7609247, 1.6196083, 1.8068057, 1.5287718, 1.3653892, 0.70268995, 1.2635003, 0.69736636, 0.6398505, 1.3529952, 0.9985449, 1.1333885]
TIME_DURATION_TOUCH_ONLY_SHORTEST: [1.1240115, 1.1341975, 0.770125, 0.7609247, 1.3246812, 1.8068057, 1.5287718, 1.3653892, 0.70268995, 1.2635003, 0.69736636, 0.6398505, 1.3529952, 0.9985449, 1.1333885]
AVERAGE_PIXEL_VELOCITY: [37.311844, 24.360723, 23.324072, 29.452114, 28.546541, 20.363287, 26.05233, 28.490824, 24.486565, 30.216879, 24.590654, 16.197565, 12.121256, 24.988829, 28.13507]
REACTION_TIME_FIRST_PRESSED: [0.9334404, 0.91850406, 0.88441557, 1.0376182, 0.98648, 10.972656, 1.1914076, 0.8504016, 1.139483, 1.0035158, 1.1737324, 1.1396439, 1.3608354, 2.2794733, 1.0886143]
REACTION_TIME_FIRST_TOUCH: [0.9334404, 0.91850406, 0.88441557, 1.0376182, 0.98648, 1.1056191, 1.1914076, 0.8504016, 1.139483, 1.0035158, 1.1737324, 1.1396439, 1.3608354, 2.2794733, 1.0886143]
AVERAGE_REACTION_TIME_TO_ERRORS: [0.0, 0.0, 0.0, 0.0, 1.2577834, 1.82021, 0.0, 0.0, 0.0, 0.0, 0.0, 0.0, 0.0, 0.0, 0.0]
TEXT_ENTRY_RATE_WPM: [42.70419, 42.320675, 46.745663, 47.31086, 37.045998, 33.207775, 23.548315, 26.36611, 34.154465, 37.9897, 34.4152, 37.508766, 44.346058, 48.069946, 52.9386]
TEXT_ENTRY_RATE_MODIFIED_WPM_SHORTEST: [42.70419, 42.320675, 46.745663, 47.31086, 45.29392, 33.207775, 23.548315, 26.36611, 34.154465, 37.9897, 34.4152, 37.508766, 44.346058, 48.069946, 52.9386]
TEXT_ENTRY_RATE_MODIFIED_WPM_VULTURE: [53.380238, 52.900845, 62.327545, 63.081146, 44.455196, 6.1676354, 31.397757, 35.15481, 51.231697, 47.48713, 51.62279, 56.26314, 53.215267, 60.087433, 63.526318]
TEXT_ENTRY_RATE_MODIFIED_WPM_SHORTEST_VULTURE: [53.380238, 52.900845, 62.327545, 63.081146, 54.352703, 6.1676354, 31.397757, 35.15481, 51.231697, 47.48713, 51.62279, 56.26314, 53.215267, 60.087433, 63.526318]
ERROR_RATE_KSPC: [1.0, 1.0, 1.0, 1.0, 1.3333334, 3.857143, 1.0, 1.0, 1.0, 1.0, 1.0, 1.0, 1.0, 1.0, 1.0]
ERROR_RATE_MODIFIED_KSPC_SHORTEST: [1.0, 1.0, 1.0, 1.0, 1.0, 3.857143, 1.0, 1.0, 1.0, 1.0, 1.0, 1.0, 1.0, 1.0, 1.0]
ERROR_RATE_MODIFIED_MSD_SHORTEST: [0.0, 0.0, 0.0, 0.0, 14.285715, 14.285715, 0.0, 0.0, 0.0, 0.0, 0.0, 0.0, 0.0, 0.0, 0.0]
ERROR_RATE_MODIFIED_MSD_BACKSPACE: [0.0, 0.0, 0.0, 0.0, 12.5, 40.74074, 0.0, 0.0, 0.0, 0.0, 0.0, 0.0, 0.0, 0.0, 0.0]
TOTAL_ERROR_RATE: [0.0, 0.0, 0.0, 0.0, 14.285715, 64.70589, 0.0, 0.0, 0.0, 0.0, 0.0, 0.0, 0.0, 0.0, 0.0]
TOTAL_ERROR_RATE_MODIFIED_SHORTEST: [0.0, 0.0, 0.0, 0.0, 14.285715, 64.70589, 0.0, 0.0, 0.0, 0.0, 0.0, 0.0, 0.0, 0.0, 0.0]
TOTAL_ERROR_RATE_MODIFIED_BACKSPACE: [0.0, 0.0, 0.0, 0.0, 12.5, 40.74074, 0.0, 0.0, 0.0, 0.0, 0.0, 0.0, 0.0, 0.0, 0.0]
FRECHET_DISTANCE_TOUCH_ONLY: [285.39447, 202.05444, 151.24153, 171.00293, 679.7073, 478.08472, 277.14618, 253.0336, 163.6368, 295.0017, 166.90416, 78.08969, 128.44453, 149.56604, 261.55878]
FRECHET_DISTANCE_TOUCH_ONLY_MODIFIED_SHORTEST: [285.39447, 202.05444, 151.24153, 171.00293, 192.09373, 478.08472, 277.14618, 253.0336, 163.6368, 295.0017, 166.90416, 78.08969, 128.44453, 149.56604, 261.55878]
FRECHET_DISTANCE_TOUCH_ONLY_MODIFIED_BACKSPACE: [285.39447, 202.05444, 151.24153, 171.00293, 192.09373, 376.26056, 277.14618, 253.0336, 163.6368, 295.0017, 166.90416, 78.08969, 128.44453, 149.56604, 261.55878]
KEYBOARD_TYPE: leapSurface
PRACTICE_WORDS_PER_INPUT: 9
WORD_ORDER: [galls, vale, rubs, ripped, dot, fire, fores, docket, mailed, shies, bales, hot, tub, rubbed, owns]
NUMBER_OF_TIMES_PLANE_BREACHED: [1, 5, 1, 1, 9, 1, 1, 1, 1, 4, 3, 1, 1, 1, 3]
DISTANCE_TRAVELED_TOUCH_ONLY: [42.77069, 148.00833, 23.429224, 33.56065, 145.08183, 19.97823, 26.056726, 49.92733, 51.881073, 63.01189, 102.159836, 15.768061, 13.612925, 25.187702, 90.60718]
DISTANCE_TRAVELED_TOUCH_ONLY_SHORTEST: [42.77069, 148.00833, 23.429224, 33.56065, 110.37509, 19.97823, 26.056726, 49.92733, 51.881073, 63.01189, 102.159836, 15.768061, 13.612925, 25.187702, 90.60718]
TIME_DURATION_TOUCH_ONLY: [1.6983538, 1.7652211, 0.94516706, 1.6983352, 1.5515026, 1.382077, 1.6019115, 2.0928195, 1.9273729, 1.6154782, 2.0808487, 0.9963485, 0.8784445, 1.5337018, 2.0324864]
TIME_DURATION_TOUCH_ONLY_SHORTEST: [1.6983538, 1.7652211, 0.94516706, 1.6983352, 1.5515026, 1.382077, 1.6019115, 2.0928195, 1.9273729, 1.6154782, 2.0808487, 0.9963485, 0.8784445, 1.5337018, 2.0324864]
AVERAGE_PIXEL_VELOCITY: [25.404776, 20.548954, 24.678776, 19.74582, 12.726097, 14.435813, 16.109201, 23.767096, 26.82648, 14.711356, 20.158308, 16.027384, 15.702078, 16.422626, 18.054356]
REACTION_TIME_FIRST_PRESSED: [0.86433506, 8.253449, 0.91695315, 0.83357835, 15.239843, 1.8839468, 0.88355535, 0.98359734, 0.90024644, 4.601843, 4.585157, 1.1502844, 0.9836443, 0.93355405, 4.901937]
REACTION_TIME_FIRST_TOUCH: [0.86433506, 0.81694305, 0.91695315, 0.83357835, 0.833584, 1.8839468, 0.88355535, 0.98359734, 0.90024644, 0.7669111, 0.86690956, 1.1502844, 0.9836443, 0.93355405, 0.766828]
AVERAGE_REACTION_TIME_TO_ERRORS: [0.0, 2.1341746, 0.0, 0.0, 1.9952289, 0.0, 0.0, 0.0, 0.0, 2.1510868, 2.1341786, 0.0, 0.0, 0.0, 2.6511247]
TEXT_ENTRY_RATE_WPM: [28.262665, 20.394047, 38.088505, 35.328716, 15.468875, 26.047754, 29.964201, 28.669458, 31.130457, 29.712564, 23.06751, 24.087957, 27.32102, 39.121037, 17.712296]
TEXT_ENTRY_RATE_MODIFIED_WPM_SHORTEST: [28.262665, 20.394047, 38.088505, 35.328716, 15.468875, 26.047754, 29.964201, 28.669458, 31.130457, 29.712564, 23.06751, 24.087957, 27.32102, 39.121037, 17.712296]
TEXT_ENTRY_RATE_MODIFIED_WPM_VULTURE: [35.32833, 5.2164125, 50.784676, 42.39446, 2.2559555, 34.73034, 37.455254, 34.403347, 37.35655, 11.008347, 10.34644, 36.13194, 40.981533, 46.945244, 7.782612]
TEXT_ENTRY_RATE_MODIFIED_WPM_SHORTEST_VULTURE: [35.32833, 5.2164125, 50.784676, 42.39446, 2.2559555, 34.73034, 37.455254, 34.403347, 37.35655, 11.008347, 10.34644, 36.13194, 40.981533, 46.945244, 7.782612]
ERROR_RATE_KSPC: [1.0, 5.5, 1.0, 1.0, 11.0, 1.0, 1.0, 1.0, 1.0, 3.4, 3.4, 1.0, 1.0, 1.0, 3.0]
ERROR_RATE_MODIFIED_KSPC_SHORTEST: [1.0, 5.5, 1.0, 1.0, 3.0, 1.0, 1.0, 1.0, 1.0, 3.4, 3.4, 1.0, 1.0, 1.0, 3.0]
ERROR_RATE_MODIFIED_MSD_SHORTEST: [0.0, 0.0, 0.0, 0.0, 66.66667, 0.0, 0.0, 0.0, 0.0, 0.0, 0.0, 0.0, 0.0, 0.0, 0.0]
ERROR_RATE_MODIFIED_MSD_BACKSPACE: [0.0, 40.909092, 0.0, 0.0, 45.454548, 0.0, 0.0, 0.0, 0.0, 35.294117, 35.294117, 0.0, 0.0, 0.0, 33.333336]
TOTAL_ERROR_RATE: [0.0, 69.230774, 0.0, 0.0, 83.33333, 0.0, 0.0, 0.0, 0.0, 54.545456, 54.545456, 0.0, 0.0, 0.0, 50.0]
TOTAL_ERROR_RATE_MODIFIED_SHORTEST: [0.0, 69.230774, 0.0, 0.0, 83.33333, 0.0, 0.0, 0.0, 0.0, 54.545456, 54.545456, 0.0, 0.0, 0.0, 50.0]
TOTAL_ERROR_RATE_MODIFIED_BACKSPACE: [0.0, 40.909092, 0.0, 0.0, 45.454548, 0.0, 0.0, 0.0, 0.0, 35.294117, 35.294117, 0.0, 0.0, 0.0, 33.333336]
FRECHET_DISTANCE_TOUCH_ONLY: [270.0203, 595.8699, 140.89742, 256.9643, 432.2491, 142.93675, 173.75063, 202.284, 251.7563, 369.16006, 485.74124, 138.4209, 82.74963, 147.95967, 398.98303]
FRECHET_DISTANCE_TOUCH_ONLY_MODIFIED_SHORTEST: [270.0203, 595.8699, 140.89742, 256.9643, 432.2491, 142.93675, 173.75063, 202.284, 251.7563, 369.16006, 485.74124, 138.4209, 82.74963, 147.95967, 398.98303]
FRECHET_DISTANCE_TOUCH_ONLY_MODIFIED_BACKSPACE: [270.0203, 351.14795, 140.89742, 256.9643, 427.714, 142.93675, 173.75063, 202.284, 251.7563, 373.58902, 403.54114, 138.4209, 82.74963, 147.95967, 398.98303]
KEYBOARD_TYPE: leapAirStatic
PRACTICE_WORDS_PER_INPUT: 5
WORD_ORDER: [sores, gape, rub, sir, rind, got, bailed, yipped, subbed, lane, hales, sire, shirt, balls, socket]
NUMBER_OF_TIMES_PLANE_BREACHED: [2, 9, 5, 1, 3, 3, 6, 2, 16, 4, 8, 1, 1, 6, 14]
DISTANCE_TRAVELED_TOUCH_ONLY: [23.751898, 48.11219, 53.435337, 22.660305, 31.077536, 30.07044, 62.1742, 18.676857, 65.123665, 34.352283, 87.104355, 22.434752, 23.003479, 71.731415, 79.798294]
DISTANCE_TRAVELED_TOUCH_ONLY_SHORTEST: [23.751898, 45.974663, 25.217585, 22.660305, 31.077536, 30.07044, 62.1742, 18.676857, 65.123665, 34.352283, 87.104355, 22.434752, 23.003479, 71.731415, 79.798294]
TIME_DURATION_TOUCH_ONLY: [1.6307864, 5.90404, 8.112753, 1.7056388, 1.6644892, 1.538116, 5.094691, 1.6838111, 9.024742, 3.488296, 5.234728, 1.3371053, 2.0949125, 4.5956187, 8.222844]
TIME_DURATION_TOUCH_ONLY_SHORTEST: [1.6307864, 4.558785, 1.8933772, 1.7056388, 1.6644892, 1.538116, 5.094691, 1.6838111, 9.024742, 3.488296, 5.234728, 1.3371053, 2.0949125, 4.5956187, 8.222844]
AVERAGE_PIXEL_VELOCITY: [14.686504, 8.198157, 6.582159, 13.322984, 9.274831, 8.756866, 12.263023, 11.091369, 7.247256, 9.9059305, 16.691078, 16.61409, 10.951882, 12.435914, 9.728676]
REACTION_TIME_FIRST_PRESSED: [1.4118139, 1.9840639, 1.5338253, 1.5171826, 4.3850775, 4.901997, 1.5839207, 2.5176184, 1.6339296, 2.3008485, 0.850229, 1.2004646, 1.5004654, 3.6180842, 1.2503358]
REACTION_TIME_FIRST_TOUCH: [1.4118139, 1.9840639, 1.5338253, 1.5171826, 1.0169815, 1.0503169, 1.5839207, 2.5176184, 1.6339296, 2.3008485, 0.850229, 1.2004646, 1.5004654, 0.71682936, 1.2503358]
AVERAGE_REACTION_TIME_TO_ERRORS: [0.0, 1.5228335, 2.034164, 0.0, 1.3338491, 1.650661, 1.4589127, 0.0, 1.3533325, 1.483937, 1.350523, 0.0, 0.0, 1.1003509, 1.3422031]
TEXT_ENTRY_RATE_WPM: [29.433653, 6.0975204, 2.9583051, 14.070975, 21.628258, 15.603503, 11.776966, 35.63345, 6.6483893, 10.320225, 9.169532, 26.923834, 22.912651, 10.444732, 7.2967453]
TEXT_ENTRY_RATE_MODIFIED_WPM_SHORTEST: [29.433653, 7.8968415, 12.675762, 14.070975, 21.628258, 15.603503, 11.776966, 35.63345, 6.6483893, 10.320225, 9.169532, 26.923834, 22.912651, 10.444732, 7.2967453]
TEXT_ENTRY_RATE_MODIFIED_WPM_VULTURE: [36.792065, 8.130027, 4.437458, 21.106462, 9.537842, 6.679288, 14.1323595, 42.760143, 7.978068, 13.7603, 11.461914, 35.898445, 28.640814, 8.003337, 8.756095]
TEXT_ENTRY_RATE_MODIFIED_WPM_SHORTEST_VULTURE: [36.792065, 10.529121, 19.013645, 21.106462, 9.537842, 6.679288, 14.1323595, 42.760143, 7.978068, 13.7603, 11.461914, 35.898445, 28.640814, 8.003337, 8.756095]
ERROR_RATE_KSPC: [1.0, 3.5, 6.3333335, 1.0, 2.0, 3.0, 2.6666667, 1.0, 4.6666665, 2.5, 3.8, 1.0, 1.0, 3.8, 4.3333335]
ERROR_RATE_MODIFIED_KSPC_SHORTEST: [1.0, 2.0, 1.0, 1.0, 2.0, 3.0, 2.6666667, 1.0, 4.6666665, 2.5, 3.8, 1.0, 1.0, 3.8, 4.3333335]
ERROR_RATE_MODIFIED_MSD_SHORTEST: [0.0, 33.333336, 62.5, 0.0, 0.0, 0.0, 0.0, 0.0, 0.0, 0.0, 0.0, 0.0, 0.0, 0.0, 0.0]
ERROR_RATE_MODIFIED_MSD_BACKSPACE: [0.0, 35.714287, 42.105263, 0.0, 25.0, 33.333336, 31.25, 0.0, 39.285713, 30.000002, 36.842106, 0.0, 0.0, 36.842106, 38.46154]
TOTAL_ERROR_RATE: [0.0, 55.555557, 72.72727, 0.0, 33.333336, 50.0, 45.454548, 0.0, 64.70589, 42.857143, 58.333332, 0.0, 0.0, 58.333332, 62.5]
TOTAL_ERROR_RATE_MODIFIED_SHORTEST: [0.0, 55.555557, 62.5, 0.0, 33.333336, 50.0, 45.454548, 0.0, 64.70589, 42.857143, 58.333332, 0.0, 0.0, 58.333332, 62.5]
TOTAL_ERROR_RATE_MODIFIED_BACKSPACE: [0.0, 35.714287, 42.105263, 0.0, 25.0, 33.333336, 31.25, 0.0, 39.285713, 30.000002, 36.842106, 0.0, 0.0, 36.842106, 38.46154]
FRECHET_DISTANCE_TOUCH_ONLY: [241.38742, 531.7661, 476.8899, 194.56595, 350.67245, 300.88516, 465.88803, 248.89873, 524.15735, 271.88177, 361.64832, 194.75014, 148.46922, 541.7494, 354.40155]
FRECHET_DISTANCE_TOUCH_ONLY_MODIFIED_SHORTEST: [241.38742, 332.4545, 344.61517, 194.56595, 350.67245, 300.88516, 465.88803, 248.89873, 524.15735, 271.88177, 361.64832, 194.75014, 148.46922, 541.7494, 354.40155]
FRECHET_DISTANCE_TOUCH_ONLY_MODIFIED_BACKSPACE: [241.38742, 315.44308, 235.3305, 194.56595, 244.10745, 268.92236, 314.34546, 248.89873, 388.0724, 418.15756, 361.64832, 194.75014, 148.46922, 290.1824, 315.19437]
KEYBOARD_TYPE: leapAirPinch
PRACTICE_WORDS_PER_INPUT: 7
WORD_ORDER: [shift, soy, games, gamma, jailed, rim, fit, fins, tipped, mane, rocket, sure, finned, gale, cores]
NUMBER_OF_TIMES_PLANE_BREACHED: [1, 1, 1, 4, 9, 7, 9, 6, 11, 5, 6, 1, 7, 2, 3]
DISTANCE_TRAVELED_TOUCH_ONLY: [34.131504, 38.899326, 51.09592, 92.19176, 144.24681, 108.75075, 122.90059, 94.29916, 158.98042, 106.789154, 139.27817, 34.879593, 107.6998, 73.942314, 78.2667]
DISTANCE_TRAVELED_TOUCH_ONLY_SHORTEST: [34.131504, 38.899326, 51.09592, 92.19176, 144.24681, 25.726929, 111.17841, 94.29916, 147.4089, 95.21102, 139.27817, 34.879593, 107.6998, 62.14341, 78.2667]
TIME_DURATION_TOUCH_ONLY: [2.4536355, 1.4487262, 1.6143986, 3.1685667, 4.5895066, 4.8303843, 1.1835173, 2.6742842, 5.46613, 3.2090006, 5.1364765, 1.2003547, 3.1548493, 2.2971478, 4.3870373]
TIME_DURATION_TOUCH_ONLY_SHORTEST: [2.4536355, 1.4487262, 1.6143986, 3.1685667, 4.5895066, 1.6712708, 1.0272281, 2.6742842, 5.268247, 3.0407085, 5.1364765, 1.2003547, 3.1548493, 2.081568, 4.3870373]
AVERAGE_PIXEL_VELOCITY: [13.945259, 26.804426, 31.63487, 29.207455, 24.606188, 22.390244, 32.062786, 35.563774, 29.256315, 33.28819, 27.130047, 29.040462, 34.37395, 32.389023, 17.914593]
REACTION_TIME_FIRST_PRESSED: [2.025841, 1.4504843, 1.0169294, 0.9169543, 4.8844347, 1.0836806, 7.0029373, 1.3171177, 1.0336703, 2.2341516, 1.3337723, 1.4671509, 1.0336558, 0.95029604, 1.6005579]
REACTION_TIME_FIRST_TOUCH: [2.025841, 1.4504843, 1.0169294, 0.9169543, 0.3491433, 1.0836806, 1.2169929, 1.3171177, 1.0336703, 2.2341516, 1.3337723, 1.4671509, 1.0336558, 0.95029604, 1.6005579]
AVERAGE_REACTION_TIME_TO_ERRORS: [0.0, 0.0, 0.0, 1.2171553, 1.5589517, 1.2671511, 1.595109, 1.3838427, 1.7007047, 1.2169687, 1.7340384, 0.0, 1.4672576, 1.4339364, 1.6840329]
TEXT_ENTRY_RATE_WPM: [19.562809, 16.566277, 29.732435, 15.148806, 13.073302, 4.968549, 20.278538, 13.461547, 10.976687, 11.218446, 11.681159, 29.991138, 19.018341, 15.671608, 10.941325]
TEXT_ENTRY_RATE_MODIFIED_WPM_SHORTEST: [19.562809, 16.566277, 29.732435, 15.148806, 13.073302, 14.360331, 23.363846, 13.461547, 11.388988, 11.839346, 11.681159, 29.991138, 19.018341, 17.294655, 10.941325]
TEXT_ENTRY_RATE_MODIFIED_WPM_VULTURE: [24.45351, 24.849417, 37.165543, 18.936007, 7.8905864, 7.452823, 5.1653914, 17.948729, 13.172025, 14.957929, 14.017392, 39.988182, 22.82201, 20.89548, 13.676658]
TEXT_ENTRY_RATE_MODIFIED_WPM_SHORTEST_VULTURE: [24.45351, 24.849417, 37.165543, 18.936007, 7.8905864, 21.540495, 5.283882, 17.948729, 13.666785, 15.785794, 14.017392, 39.988182, 22.82201, 23.05954, 13.676658]
ERROR_RATE_KSPC: [1.0, 1.0, 1.0, 1.8, 2.6666667, 5.0, 4.3333335, 2.5, 3.0, 2.5, 2.3333333, 1.0, 2.0, 1.5, 2.6]
ERROR_RATE_MODIFIED_KSPC_SHORTEST: [1.0, 1.0, 1.0, 1.8, 2.6666667, 1.0, 3.0, 2.5, 2.5555556, 1.8, 2.3333333, 1.0, 2.0, 1.0, 2.6]
ERROR_RATE_MODIFIED_MSD_SHORTEST: [0.0, 0.0, 0.0, 0.0, 0.0, 57.14286, 25.0, 0.0, 33.333336, 20.0, 0.0, 0.0, 0.0, 20.0, 0.0]
ERROR_RATE_MODIFIED_MSD_BACKSPACE: [0.0, 0.0, 0.0, 22.222223, 31.25, 40.0, 38.46154, 30.000002, 41.666664, 30.000002, 28.57143, 0.0, 25.0, 16.666668, 30.769232]
TOTAL_ERROR_RATE: [0.0, 0.0, 0.0, 28.57143, 45.454548, 66.66667, 62.5, 42.857143, 62.5, 42.857143, 40.0, 0.0, 33.333336, 20.0, 44.444447]
TOTAL_ERROR_RATE_MODIFIED_SHORTEST: [0.0, 0.0, 0.0, 28.57143, 45.454548, 57.14286, 62.5, 42.857143, 62.5, 42.857143, 40.0, 0.0, 33.333336, 20.0, 44.444447]
TOTAL_ERROR_RATE_MODIFIED_BACKSPACE: [0.0, 0.0, 0.0, 22.222223, 31.25, 40.0, 38.46154, 30.000002, 41.666664, 30.000002, 28.57143, 0.0, 25.0, 16.666668, 30.769232]
FRECHET_DISTANCE_TOUCH_ONLY: [438.55432, 446.84927, 436.128, 551.92346, 548.02997, 540.6221, 734.4111, 537.83527, 788.2391, 869.49756, 502.94473, 434.95084, 551.81537, 845.0569, 513.27246]
FRECHET_DISTANCE_TOUCH_ONLY_MODIFIED_SHORTEST: [438.55432, 446.84927, 436.128, 551.92346, 548.02997, 191.42584, 593.68396, 537.83527, 464.05692, 598.5435, 502.94473, 434.95084, 551.81537, 451.53806, 513.27246]
FRECHET_DISTANCE_TOUCH_ONLY_MODIFIED_BACKSPACE: [438.55432, 446.84927, 436.128, 479.17087, 530.6479, 463.83676, 453.67828, 441.03592, 464.05692, 459.43228, 457.75427, 434.95084, 444.0636, 451.53806, 438.49945]
KEYBOARD_TYPE: leapAirDynamic
PRACTICE_WORDS_PER_INPUT: 7
WORD_ORDER: [topped, due, zit, nailed, tinned, shire, hale, fore, calls, pens, fibs, gin, fires, rocker, gales]
NUMBER_OF_TIMES_PLANE_BREACHED: [2, 3, 1, 3, 9, 1, 3, 2, 5, 4, 3, 2, 1, 3, 2]
DISTANCE_TRAVELED_TOUCH_ONLY: [41.255363, 21.51502, 19.730305, 45.016457, 51.734642, 25.442326, 44.63964, 22.792662, 29.55221, 38.36833, 37.59729, 15.945034, 22.501572, 49.14769, 56.49758]
DISTANCE_TRAVELED_TOUCH_ONLY_SHORTEST: [36.673183, 21.51502, 19.730305, 45.016457, 51.734642, 25.442326, 44.63964, 22.792662, 29.55221, 32.550392, 23.056435, 13.392946, 22.501572, 43.899895, 52.952663]
TIME_DURATION_TOUCH_ONLY: [3.0153031, 1.9099429, 1.6415318, 3.496001, 7.0332932, 2.1504166, 2.7970858, 1.7523572, 1.79593, 3.255931, 3.41786, 2.2394743, 1.9998146, 3.4730291, 2.7783742]
TIME_DURATION_TOUCH_ONLY_SHORTEST: [2.5635903, 1.9099429, 1.6415318, 3.496001, 7.0332932, 2.1504166, 2.7970858, 1.7523572, 1.79593, 2.0690284, 2.0306354, 1.8037847, 1.9998146, 3.0179703, 2.2919395]
AVERAGE_PIXEL_VELOCITY: [13.67206, 11.316156, 12.074695, 12.918717, 7.388768, 11.827013, 15.842709, 12.895898, 8.773469, 11.801965, 11.002052, 7.032715, 11.2428875, 14.171051, 20.28869]
REACTION_TIME_FIRST_PRESSED: [1.5126047, 1.8506967, 1.2504226, 2.1842139, 1.5171996, 1.800639, 1.7172725, 1.5839587, 6.652705, 1.2837884, 3.2345524, 1.5339228, 1.7506711, 1.1503589, 1.0836858]
REACTION_TIME_FIRST_TOUCH: [1.5126047, 1.8506967, 1.2504226, 2.1842139, 1.5171996, 1.800639, 1.7172725, 1.5839587, 2.0340827, 1.2837884, 3.2345524, 1.5339228, 1.7506711, 1.1503589, 1.0836858]
AVERAGE_REACTION_TIME_TO_ERRORS: [1.2506301, 2.3009756, 0.0, 1.4172467, 1.9091206, 0.0, 1.5839525, 0.0, 1.6673518, 1.5172378, 1.2670885, 1.1504775, 0.0, 1.1671774, 1.3505652]
TEXT_ENTRY_RATE_WPM: [19.898497, 12.565821, 14.62049, 17.162466, 8.530855, 22.321257, 12.87054, 20.543756, 26.7271, 11.0567465, 10.5329075, 10.716802, 24.002226, 17.275986, 17.276289]
TEXT_ENTRY_RATE_MODIFIED_WPM_SHORTEST: [23.404676, 12.565821, 14.62049, 17.162466, 8.530855, 22.321257, 12.87054, 20.543756, 26.7271, 17.399473, 17.728443, 13.305358, 24.002226, 19.88091, 20.94296]
TEXT_ENTRY_RATE_MODIFIED_WPM_VULTURE: [23.878197, 18.84873, 21.930737, 20.59496, 10.237025, 27.901571, 17.160719, 27.391676, 9.353731, 14.742328, 14.043876, 16.075201, 30.00278, 20.731184, 21.595364]
TEXT_ENTRY_RATE_MODIFIED_WPM_SHORTEST_VULTURE: [28.085611, 18.84873, 21.930737, 20.59496, 10.237025, 27.901571, 17.160719, 27.391676, 9.353731, 23.199295, 23.637922, 19.958036, 30.00278, 23.857094, 26.178701]
ERROR_RATE_KSPC: [1.3333334, 1.6666666, 1.0, 1.3333334, 4.6666665, 1.0, 1.5, 1.0, 1.8, 2.0, 3.0, 1.6666666, 1.0, 1.3333334, 1.4]
ERROR_RATE_MODIFIED_KSPC_SHORTEST: [1.0, 1.6666666, 1.0, 1.3333334, 4.6666665, 1.0, 1.5, 1.0, 1.8, 1.0, 1.0, 1.0, 1.0, 1.0, 1.0]
ERROR_RATE_MODIFIED_MSD_SHORTEST: [14.285715, 0.0, 0.0, 0.0, 0.0, 0.0, 0.0, 0.0, 0.0, 33.333336, 20.0, 25.0, 0.0, 14.285715, 16.666668]
ERROR_RATE_MODIFIED_MSD_BACKSPACE: [12.5, 20.0, 0.0, 12.5, 39.285713, 0.0, 16.666668, 0.0, 22.222223, 25.0, 33.333336, 20.0, 0.0, 12.5, 14.285715]
TOTAL_ERROR_RATE: [14.285715, 25.0, 0.0, 14.285715, 64.70589, 0.0, 20.0, 0.0, 28.57143, 33.333336, 50.0, 25.0, 0.0, 14.285715, 16.666668]
TOTAL_ERROR_RATE_MODIFIED_SHORTEST: [14.285715, 25.0, 0.0, 14.285715, 64.70589, 0.0, 20.0, 0.0, 28.57143, 33.333336, 20.0, 25.0, 0.0, 14.285715, 16.666668]
TOTAL_ERROR_RATE_MODIFIED_BACKSPACE: [12.5, 20.0, 0.0, 12.5, 39.285713, 0.0, 16.666668, 0.0, 22.222223, 25.0, 33.333336, 20.0, 0.0, 12.5, 14.285715]
FRECHET_DISTANCE_TOUCH_ONLY: [687.6392, 430.01352, 207.13454, 426.83896, 398.98386, 149.07666, 450.40015, 173.83513, 514.226, 420.30325, 742.5662, 345.00598, 145.70686, 689.035, 730.7616]
FRECHET_DISTANCE_TOUCH_ONLY_MODIFIED_SHORTEST: [272.98633, 430.01352, 207.13454, 426.83896, 398.98386, 149.07666, 450.40015, 173.83513, 514.226, 251.10776, 177.06075, 118.15503, 145.70686, 193.3049, 273.25992]
FRECHET_DISTANCE_TOUCH_ONLY_MODIFIED_BACKSPACE: [272.98633, 151.06471, 207.13454, 243.85031, 350.03622, 149.07666, 288.4703, 173.83513, 239.45567, 251.10776, 198.13412, 118.15503, 145.70686, 193.3049, 273.25992]
KEYBOARD_TYPE: leapAirBimodal
PRACTICE_WORDS_PER_INPUT: 10
WORD_ORDER: [halls, tale, shied, run, hopped, sit, dales, pans, fir, fine, dire, sites, sinned, failed, wicker]
NUMBER_OF_TIMES_PLANE_BREACHED: [4, 4, 1, 1, 2, 2, 3, 1, 2, 2, 1, 4, 5, 3, 9]
DISTANCE_TRAVELED_TOUCH_ONLY: [87.84132, 96.655624, 37.02878, 23.32324, 51.29309, 40.93464, 79.75349, 55.417904, 38.494987, 39.18512, 30.763058, 70.59735, 80.66951, 88.23144, 147.40591]
DISTANCE_TRAVELED_TOUCH_ONLY_SHORTEST: [49.89512, 96.655624, 37.02878, 23.32324, 39.538574, 29.323252, 79.75349, 55.417904, 26.8411, 39.18512, 30.763058, 35.545002, 80.66951, 62.53197, 135.8163]
TIME_DURATION_TOUCH_ONLY: [1.9580476, 1.5211276, 1.4514028, 1.3171384, 2.1984332, 1.1442596, 1.8656613, 1.8901407, 0.96833944, 2.463692, 1.009655, 1.8268512, 2.5398078, 2.8711357, 5.2868114]
TIME_DURATION_TOUCH_ONLY_SHORTEST: [0.9948069, 1.5211276, 1.4514028, 1.3171384, 2.0874274, 1.0290945, 1.8656613, 1.8901407, 0.8536113, 2.463692, 1.009655, 1.4878744, 2.5398078, 2.0836647, 5.2135105]
AVERAGE_PIXEL_VELOCITY: [44.303127, 44.61023, 25.537104, 17.690607, 23.36799, 36.09599, 34.9202, 29.376915, 40.51577, 15.990067, 30.256477, 38.49083, 32.475365, 30.944555, 27.63833]
REACTION_TIME_FIRST_PRESSED: [1.0281461, 3.8181653, 1.1670201, 1.2671156, 1.4671714, 2.1507761, 4.101642, 1.4838656, 1.5504199, 1.7672974, 1.4171367, 1.1336836, 0.9835948, 1.3171873, 1.917352]
REACTION_TIME_FIRST_TOUCH: [1.0281461, 1.3337328, 1.1670201, 1.2671156, 1.4671714, 2.1507761, 1.5505053, 1.4838656, 1.5504199, 1.7672974, 1.4171367, 1.1336836, 0.9835948, 1.3171873, 1.917352]
AVERAGE_REACTION_TIME_TO_ERRORS: [1.3671576, 1.2171736, 0.0, 0.0, 1.5006232, 1.5005817, 1.1671387, 0.0, 1.5673261, 0.0, 0.0, 1.4505944, 1.700689, 1.2338473, 1.4283596]
TEXT_ENTRY_RATE_WPM: [24.514215, 23.666655, 33.071453, 18.22132, 27.292166, 20.974262, 25.728144, 19.046202, 24.784698, 14.612216, 35.655743, 26.274717, 23.623837, 20.897655, 11.348996]
TEXT_ENTRY_RATE_MODIFIED_WPM_SHORTEST: [48.25057, 23.666655, 33.071453, 18.22132, 28.743515, 23.321474, 25.728144, 19.046202, 28.115843, 14.612216, 35.655743, 32.260788, 23.623837, 28.79542, 11.50856]
TEXT_ENTRY_RATE_MODIFIED_WPM_VULTURE: [30.642767, 11.983344, 41.33932, 27.33198, 32.7506, 31.461393, 13.584502, 25.394934, 37.177044, 19.482956, 47.540993, 32.843395, 28.348602, 25.077185, 13.618796]
TEXT_ENTRY_RATE_MODIFIED_WPM_SHORTEST_VULTURE: [60.313213, 11.983344, 41.33932, 27.33198, 34.492218, 34.982212, 13.584502, 25.394934, 42.173763, 19.482956, 47.540993, 40.325985, 28.348602, 34.554504, 13.810272]
ERROR_RATE_KSPC: [2.2, 2.0, 1.0, 1.0, 1.3333334, 1.6666666, 1.4, 1.0, 1.6666666, 1.0, 1.0, 1.8, 1.6666666, 1.6666666, 3.3333333]
ERROR_RATE_MODIFIED_KSPC_SHORTEST: [1.0, 2.0, 1.0, 1.0, 1.0, 1.0, 1.4, 1.0, 1.0, 1.0, 1.0, 1.0, 1.6666666, 1.0, 2.7142856]
ERROR_RATE_MODIFIED_MSD_SHORTEST: [16.666668, 0.0, 0.0, 0.0, 14.285715, 25.0, 0.0, 0.0, 25.0, 0.0, 0.0, 28.57143, 0.0, 25.0, 14.285715]
ERROR_RATE_MODIFIED_MSD_BACKSPACE: [27.272728, 25.0, 0.0, 0.0, 12.5, 20.0, 14.285715, 0.0, 20.0, 0.0, 0.0, 22.222223, 20.0, 20.0, 35.0]
TOTAL_ERROR_RATE: [37.5, 33.333336, 0.0, 0.0, 14.285715, 25.0, 16.666668, 0.0, 25.0, 0.0, 0.0, 28.57143, 25.0, 25.0, 53.846157]
TOTAL_ERROR_RATE_MODIFIED_SHORTEST: [16.666668, 33.333336, 0.0, 0.0, 14.285715, 25.0, 16.666668, 0.0, 25.0, 0.0, 0.0, 28.57143, 25.0, 25.0, 53.846157]
TOTAL_ERROR_RATE_MODIFIED_BACKSPACE: [27.272728, 25.0, 0.0, 0.0, 12.5, 20.0, 14.285715, 0.0, 20.0, 0.0, 0.0, 22.222223, 20.0, 20.0, 35.0]
FRECHET_DISTANCE_TOUCH_ONLY: [850.8081, 529.5363, 436.7356, 435.9606, 801.722, 695.0086, 558.071, 437.48047, 755.6921, 437.77136, 439.85577, 567.4525, 558.93115, 778.99335, 792.78314]
FRECHET_DISTANCE_TOUCH_ONLY_MODIFIED_SHORTEST: [273.433, 529.5363, 436.7356, 435.9606, 442.0348, 453.6195, 558.071, 437.48047, 447.41666, 437.77136, 439.85577, 434.7449, 558.93115, 440.9866, 524.7908]
FRECHET_DISTANCE_TOUCH_ONLY_MODIFIED_BACKSPACE: [450.13385, 473.37735, 436.7356, 435.9606, 442.0348, 453.6195, 437.85934, 437.48047, 447.41666, 437.77136, 439.85577, 435.09344, 436.09906, 444.65662, 485.65796]
