KEYBOARD_TYPE: tablet
PRACTICE_WORDS_PER_INPUT: 2
WORD_ORDER: [falls, tin, sires, sicker, shier, coy, hailed, dipped, find, mans, core, bale, tales, dubbed, sue]
NUMBER_OF_TIMES_PLANE_BREACHED: [7, 1, 5, 1, 1, 1, 1, 4, 1, 1, 1, 1, 1, 1, 1]
DISTANCE_TRAVELED_TOUCH_ONLY: [66.48705, 9.779507, 41.609165, 38.12573, 21.441217, 15.453898, 39.979744, 42.267673, 18.374706, 34.936985, 20.509512, 36.05619, 38.415474, 22.727232, 16.074251]
DISTANCE_TRAVELED_TOUCH_ONLY_SHORTEST: [66.48705, 9.779507, 41.609165, 38.12573, 21.441217, 15.453898, 39.979744, 42.267673, 18.374706, 34.936985, 20.509512, 36.05619, 38.415474, 22.727232, 16.074251]
TIME_DURATION_TOUCH_ONLY: [1.6590469, 0.7148167, 1.9800407, 2.2418487, 1.8894129, 1.1350334, 2.026768, 3.1922352, 1.2663556, 1.5876393, 1.3571261, 1.442996, 1.8180438, 1.6830207, 0.89079714]
TIME_DURATION_TOUCH_ONLY_SHORTEST: [1.6590469, 0.7148167, 1.9800407, 2.2418487, 1.8894129, 1.1350334, 2.026768, 3.1922352, 1.2663556, 1.5876393, 1.3571261, 1.442996, 1.8180438, 1.6830207, 0.89079714]
AVERAGE_PIXEL_VELOCITY: [19.284996, 13.726842, 11.287614, 16.966473, 11.345946, 13.523236, 19.727333, 13.203753, 14.582411, 22.047735, 15.101425, 24.904406, 21.103596, 13.648118, 18.11456]
REACTION_TIME_FIRST_PRESSED: [5.308469, 1.1230369, 5.4947767, 1.1566969, 1.0716202, 1.1056713, 1.0545739, 1.2247438, 1.05464, 1.2077745, 0.98646444, 1.1394798, 1.0545821, 1.2587512, 1.0886078]
REACTION_TIME_FIRST_TOUCH: [1.1235402, 1.1230369, 1.1226704, 1.1566969, 1.0716202, 1.1056713, 1.0545739, 1.2247438, 1.05464, 1.2077745, 0.98646444, 1.1394798, 1.0545821, 1.2587512, 1.0886078]
AVERAGE_REACTION_TIME_TO_ERRORS: [1.9902817, 0.0, 1.8883078, 0.0, 0.0, 0.0, 0.0, 1.1226078, 0.0, 0.0, 0.0, 0.0, 0.0, 0.0, 0.0]
TEXT_ENTRY_RATE_WPM: [28.932276, 33.575043, 24.241926, 26.763626, 25.404716, 21.144754, 29.603785, 18.795607, 28.428034, 22.675175, 26.526646, 24.948095, 26.402002, 35.65019, 26.942163]
TEXT_ENTRY_RATE_MODIFIED_WPM_SHORTEST: [28.932276, 33.575043, 24.241926, 26.763626, 25.404716, 21.144754, 29.603785, 18.795607, 28.428034, 22.675175, 26.526646, 24.948095, 26.402002, 35.65019, 26.942163]
TEXT_ENTRY_RATE_MODIFIED_WPM_VULTURE: [10.266982, 50.362564, 9.445625, 32.116352, 31.755896, 31.71713, 35.524544, 22.55473, 37.90405, 30.23357, 35.368862, 33.264126, 33.002502, 42.780224, 40.413242]
TEXT_ENTRY_RATE_MODIFIED_WPM_SHORTEST_VULTURE: [10.266982, 50.362564, 9.445625, 32.116352, 31.755896, 31.71713, 35.524544, 22.55473, 37.90405, 30.23357, 35.368862, 33.264126, 33.002502, 42.780224, 40.413242]
ERROR_RATE_KSPC: [3.0, 1.0, 2.2, 1.0, 1.0, 1.0, 1.0, 1.6666666, 1.0, 1.0, 1.0, 1.0, 1.0, 1.0, 1.0]
ERROR_RATE_MODIFIED_KSPC_SHORTEST: [3.0, 1.0, 2.2, 1.0, 1.0, 1.0, 1.0, 1.6666666, 1.0, 1.0, 1.0, 1.0, 1.0, 1.0, 1.0]
ERROR_RATE_MODIFIED_MSD_SHORTEST: [0.0, 0.0, 0.0, 0.0, 0.0, 0.0, 0.0, 0.0, 0.0, 0.0, 0.0, 0.0, 0.0, 0.0, 0.0]
ERROR_RATE_MODIFIED_MSD_BACKSPACE: [33.333336, 0.0, 27.272728, 0.0, 0.0, 0.0, 0.0, 20.0, 0.0, 0.0, 0.0, 0.0, 0.0, 0.0, 0.0]
TOTAL_ERROR_RATE: [50.0, 0.0, 37.5, 0.0, 0.0, 0.0, 0.0, 25.0, 0.0, 0.0, 0.0, 0.0, 0.0, 0.0, 0.0]
TOTAL_ERROR_RATE_MODIFIED_SHORTEST: [50.0, 0.0, 37.5, 0.0, 0.0, 0.0, 0.0, 25.0, 0.0, 0.0, 0.0, 0.0, 0.0, 0.0, 0.0]
TOTAL_ERROR_RATE_MODIFIED_BACKSPACE: [33.333336, 0.0, 27.272728, 0.0, 0.0, 0.0, 0.0, 20.0, 0.0, 0.0, 0.0, 0.0, 0.0, 0.0, 0.0]
FRECHET_DISTANCE_TOUCH_ONLY: [577.0312, 111.305885, 371.09836, 202.80533, 172.02615, 179.47145, 236.48466, 334.00598, 148.49243, 253.03162, 180.31361, 291.29022, 281.29877, 141.06027, 160.56151]
FRECHET_DISTANCE_TOUCH_ONLY_MODIFIED_SHORTEST: [577.0312, 111.305885, 371.09836, 202.80533, 172.02615, 179.47145, 236.48466, 334.00598, 148.49243, 253.03162, 180.31361, 291.29022, 281.29877, 141.06027, 160.56151]
FRECHET_DISTANCE_TOUCH_ONLY_MODIFIED_BACKSPACE: [350.14282, 111.305885, 381.05774, 202.80533, 172.02615, 179.47145, 236.48466, 334.00598, 148.49243, 253.03162, 180.31361, 291.29022, 281.29877, 141.06027, 160.56151]
KEYBOARD_TYPE: leapSurface
PRACTICE_WORDS_PER_INPUT: 4
WORD_ORDER: [fire, bales, ripped, owns, mailed, galls, tub, vale, docket, fores, hot, shies, rubbed, rubs, dot]
NUMBER_OF_TIMES_PLANE_BREACHED: [2, 17, 4, 1, 1, 1, 1, 1, 1, 1, 1, 4, 1, 1, 1]
DISTANCE_TRAVELED_TOUCH_ONLY: [21.609556, 167.89365, 45.8172, 40.00798, 48.151035, 41.359028, 11.563343, 40.000607, 46.02792, 24.897167, 13.519164, 57.87962, 28.246672, 22.096344, 20.544762]
DISTANCE_TRAVELED_TOUCH_ONLY_SHORTEST: [21.609556, 167.89365, 45.8172, 40.00798, 48.151035, 41.359028, 11.563343, 40.000607, 46.02792, 24.897167, 13.519164, 57.87962, 28.246672, 22.096344, 20.544762]
TIME_DURATION_TOUCH_ONLY: [1.6311698, 14.906929, 2.0139592, 2.2019393, 2.9808857, 1.7530658, 1.3542112, 1.4564965, 2.737377, 1.494835, 0.7529831, 1.4551468, 1.7043368, 1.1691371, 1.0690535]
TIME_DURATION_TOUCH_ONLY_SHORTEST: [1.6311698, 14.906929, 2.0139592, 2.2019393, 2.9808857, 1.7530658, 1.3542112, 1.4564965, 2.737377, 1.494835, 0.7529831, 1.4551468, 1.7043368, 1.1691371, 1.0690535]
AVERAGE_PIXEL_VELOCITY: [13.226859, 11.714237, 10.632382, 18.17893, 16.133419, 23.623505, 8.563994, 27.573622, 16.833315, 16.59405, 18.02307, 13.047799, 16.611288, 18.932337, 19.252655]
REACTION_TIME_FIRST_PRESSED: [1.376437, 2.6676028, 7.236276, 1.2837749, 1.450419, 1.3337592, 1.2502763, 1.4171224, 1.2337233, 1.3504332, 1.117055, 5.9857635, 1.2670606, 1.750596, 1.0669906]
REACTION_TIME_FIRST_TOUCH: [1.376437, 2.6676028, 0.016488824, 1.2837749, 1.450419, 1.3337592, 1.2502763, 1.4171224, 1.2337233, 1.3504332, 1.117055, 0.98357064, 1.2670606, 1.750596, 1.0669906]
AVERAGE_REACTION_TIME_TO_ERRORS: [0.0, 2.667729, 1.6840457, 0.0, 0.0, 0.0, 0.0, 0.0, 0.0, 0.0, 0.0, 2.4010227, 0.0, 0.0, 0.0]
TEXT_ENTRY_RATE_WPM: [22.070051, 3.219979, 29.792063, 16.349226, 20.128246, 27.380606, 17.722494, 24.716846, 21.918793, 32.11057, 31.873228, 32.986362, 35.20431, 30.79194, 22.449766]
TEXT_ENTRY_RATE_MODIFIED_WPM_SHORTEST: [22.070051, 3.219979, 29.792063, 16.349226, 20.128246, 27.380606, 17.722494, 24.716846, 21.918793, 32.11057, 31.873228, 32.986362, 35.20431, 30.79194, 22.449766]
TEXT_ENTRY_RATE_MODIFIED_WPM_VULTURE: [29.426733, 4.0249743, 7.797485, 21.798965, 24.153894, 34.225754, 26.58374, 32.955795, 26.302551, 40.13821, 47.80984, 9.291752, 42.245174, 41.05592, 33.67465]
TEXT_ENTRY_RATE_MODIFIED_WPM_SHORTEST_VULTURE: [29.426733, 4.0249743, 7.797485, 21.798965, 24.153894, 34.225754, 26.58374, 32.955795, 26.302551, 40.13821, 47.80984, 9.291752, 42.245174, 41.05592, 33.67465]
ERROR_RATE_KSPC: [1.0, 6.3333335, 1.5714285, 1.0, 1.0, 1.0, 1.0, 1.0, 1.0, 1.0, 1.0, 2.6, 1.0, 1.0, 1.0]
ERROR_RATE_MODIFIED_KSPC_SHORTEST: [1.0, 6.3333335, 1.5714285, 1.0, 1.0, 1.0, 1.0, 1.0, 1.0, 1.0, 1.0, 2.6, 1.0, 1.0, 1.0]
ERROR_RATE_MODIFIED_MSD_SHORTEST: [0.0, 16.666668, 14.285715, 0.0, 0.0, 0.0, 0.0, 0.0, 0.0, 0.0, 0.0, 0.0, 0.0, 0.0, 0.0]
ERROR_RATE_MODIFIED_MSD_BACKSPACE: [0.0, 44.736843, 27.272728, 0.0, 0.0, 0.0, 0.0, 0.0, 0.0, 0.0, 0.0, 30.769232, 0.0, 0.0, 0.0]
TOTAL_ERROR_RATE: [0.0, 77.27273, 33.333336, 0.0, 0.0, 0.0, 0.0, 0.0, 0.0, 0.0, 0.0, 44.444447, 0.0, 0.0, 0.0]
TOTAL_ERROR_RATE_MODIFIED_SHORTEST: [0.0, 77.27273, 33.333336, 0.0, 0.0, 0.0, 0.0, 0.0, 0.0, 0.0, 0.0, 44.444447, 0.0, 0.0, 0.0]
TOTAL_ERROR_RATE_MODIFIED_BACKSPACE: [0.0, 44.736843, 27.272728, 0.0, 0.0, 0.0, 0.0, 0.0, 0.0, 0.0, 0.0, 30.769232, 0.0, 0.0, 0.0]
FRECHET_DISTANCE_TOUCH_ONLY: [138.50261, 626.3028, 394.68573, 252.97595, 261.6075, 284.98746, 75.48874, 295.87616, 202.06421, 184.57211, 145.5114, 358.37482, 145.85197, 149.90616, 193.83592]
FRECHET_DISTANCE_TOUCH_ONLY_MODIFIED_SHORTEST: [138.50261, 626.3028, 394.68573, 252.97595, 261.6075, 284.98746, 75.48874, 295.87616, 202.06421, 184.57211, 145.5114, 358.37482, 145.85197, 149.90616, 193.83592]
FRECHET_DISTANCE_TOUCH_ONLY_MODIFIED_BACKSPACE: [138.50261, 626.3028, 253.33034, 252.97595, 261.6075, 284.98746, 75.48874, 295.87616, 202.06421, 184.57211, 145.5114, 385.66827, 145.85197, 149.90616, 193.83592]
KEYBOARD_TYPE: leapAirStatic
PRACTICE_WORDS_PER_INPUT: 5
WORD_ORDER: [rind, sire, hales, lane, gape, rub, sores, subbed, shirt, bailed, balls, sir, yipped, got, socket]
NUMBER_OF_TIMES_PLANE_BREACHED: [7, 1, 5, 1, 5, 6, 7, 1, 1, 4, 1, 1, 1, 1, 3]
DISTANCE_TRAVELED_TOUCH_ONLY: [54.549484, 23.195757, 49.93999, 46.403343, 58.904316, 36.40545, 51.914654, 28.144342, 28.448864, 75.16923, 44.489254, 21.093779, 28.959486, 17.938278, 60.94751]
DISTANCE_TRAVELED_TOUCH_ONLY_SHORTEST: [54.549484, 23.195757, 49.93999, 46.403343, 58.904316, 36.40545, 51.914654, 28.144342, 28.448864, 72.56073, 44.489254, 21.093779, 28.959486, 17.938278, 60.94751]
TIME_DURATION_TOUCH_ONLY: [6.8786416, 2.0702302, 4.672726, 3.2079096, 3.6524782, 5.331046, 5.7209554, 3.0957022, 2.4130738, 5.854664, 2.8119318, 2.1959145, 2.8081849, 1.885584, 3.9618711]
TIME_DURATION_TOUCH_ONLY_SHORTEST: [6.8786416, 2.0702302, 4.672726, 3.2079096, 3.6524782, 5.331046, 5.7209554, 3.0957022, 2.4130738, 5.3803687, 2.8119318, 2.1959145, 2.8081849, 1.885584, 3.9618711]
AVERAGE_PIXEL_VELOCITY: [7.960455, 11.218535, 10.696843, 14.495402, 10.064572, 6.823719, 9.103183, 9.075527, 11.767278, 12.842616, 15.787808, 9.58394, 10.335496, 9.51526, 10.879163]
REACTION_TIME_FIRST_PRESSED: [2.8631074, 1.767299, 2.45093, 2.100754, 10.120925, 2.2841673, 1.6506323, 1.6839262, 1.6339352, 2.701064, 2.3008637, 1.6672772, 1.467153, 1.3337672, 6.1859164]
REACTION_TIME_FIRST_TOUCH: [2.8631074, 1.767299, 2.45093, 2.100754, 2.0174453, 2.2841673, 1.6506323, 1.6839262, 1.6339352, 2.701064, 2.3008637, 1.6672772, 1.467153, 1.3337672, 1.1670707]
AVERAGE_REACTION_TIME_TO_ERRORS: [2.1425285, 0.0, 2.634449, 0.0, 1.6256194, 1.4672682, 2.100841, 0.0, 0.0, 1.9924611, 0.0, 0.0, 0.0, 0.0, 1.4172251]
TEXT_ENTRY_RATE_WPM: [5.2335916, 17.389372, 10.272376, 11.222262, 9.856322, 4.501931, 8.390207, 19.38171, 19.891644, 10.24824, 17.070114, 10.929388, 21.366116, 12.728152, 15.144359]
TEXT_ENTRY_RATE_MODIFIED_WPM_SHORTEST: [5.2335916, 17.389372, 10.272376, 11.222262, 9.856322, 4.501931, 8.390207, 19.38171, 19.891644, 11.151652, 17.070114, 10.929388, 21.366116, 12.728152, 15.144359]
TEXT_ENTRY_RATE_MODIFIED_WPM_VULTURE: [6.978122, 23.185827, 12.840469, 14.963016, 4.0830364, 6.7528963, 10.48776, 23.25805, 24.864553, 12.297889, 21.337645, 16.394081, 25.639338, 19.09223, 8.017178]
TEXT_ENTRY_RATE_MODIFIED_WPM_SHORTEST_VULTURE: [6.978122, 23.185827, 12.840469, 14.963016, 4.0830364, 6.7528963, 10.48776, 23.25805, 24.864553, 13.381983, 21.337645, 16.394081, 25.639338, 19.09223, 8.017178]
ERROR_RATE_KSPC: [5.5, 1.0, 2.2, 1.0, 3.0, 4.3333335, 3.0, 1.0, 1.0, 2.3333333, 1.0, 1.0, 1.0, 1.0, 1.6666666]
ERROR_RATE_MODIFIED_KSPC_SHORTEST: [5.5, 1.0, 2.2, 1.0, 3.0, 4.3333335, 3.0, 1.0, 1.0, 1.8571428, 1.0, 1.0, 1.0, 1.0, 1.6666666]
ERROR_RATE_MODIFIED_MSD_SHORTEST: [0.0, 0.0, 0.0, 0.0, 0.0, 0.0, 0.0, 0.0, 0.0, 14.285715, 0.0, 0.0, 0.0, 0.0, 0.0]
ERROR_RATE_MODIFIED_MSD_BACKSPACE: [40.909092, 0.0, 27.272728, 0.0, 33.333336, 38.46154, 33.333336, 0.0, 0.0, 28.57143, 0.0, 0.0, 0.0, 0.0, 20.0]
TOTAL_ERROR_RATE: [69.230774, 0.0, 37.5, 0.0, 50.0, 62.5, 50.0, 0.0, 0.0, 40.0, 0.0, 0.0, 0.0, 0.0, 25.0]
TOTAL_ERROR_RATE_MODIFIED_SHORTEST: [69.230774, 0.0, 37.5, 0.0, 50.0, 62.5, 50.0, 0.0, 0.0, 40.0, 0.0, 0.0, 0.0, 0.0, 25.0]
TOTAL_ERROR_RATE_MODIFIED_BACKSPACE: [40.909092, 0.0, 27.272728, 0.0, 33.333336, 38.46154, 33.333336, 0.0, 0.0, 28.57143, 0.0, 0.0, 0.0, 0.0, 20.0]
FRECHET_DISTANCE_TOUCH_ONLY: [404.13715, 204.60931, 396.25333, 295.044, 507.20856, 469.88034, 340.1968, 166.33844, 145.11981, 694.94244, 285.25406, 203.66989, 249.67592, 145.7096, 307.13202]
FRECHET_DISTANCE_TOUCH_ONLY_MODIFIED_SHORTEST: [404.13715, 204.60931, 396.25333, 295.044, 507.20856, 469.88034, 340.1968, 166.33844, 145.11981, 379.07568, 285.25406, 203.66989, 249.67592, 145.7096, 307.13202]
FRECHET_DISTANCE_TOUCH_ONLY_MODIFIED_BACKSPACE: [340.02393, 204.60931, 290.93958, 295.044, 315.7263, 229.97203, 262.1657, 166.33844, 145.11981, 379.07568, 285.25406, 203.66989, 249.67592, 145.7096, 280.76776]
KEYBOARD_TYPE: leapAirPinch
PRACTICE_WORDS_PER_INPUT: 6
WORD_ORDER: [sure, cores, rim, fins, games, gamma, soy, finned, gale, rocket, tipped, shift, jailed, fit, mane]
NUMBER_OF_TIMES_PLANE_BREACHED: [4, 1, 1, 3, 1, 1, 1, 1, 6, 7, 2, 10, 21, 1, 1]
DISTANCE_TRAVELED_TOUCH_ONLY: [59.965866, 35.980232, 23.239943, 57.25562, 51.407562, 52.247314, 30.362953, 34.960957, 121.38139, 136.25015, 57.78735, 151.0468, 293.17365, 28.488464, 45.500984]
DISTANCE_TRAVELED_TOUCH_ONLY_SHORTEST: [59.965866, 35.980232, 23.239943, 40.99122, 51.407562, 52.247314, 30.362953, 34.960957, 109.54203, 119.41775, 44.707363, 117.100075, 293.17365, 28.488464, 45.500984]
TIME_DURATION_TOUCH_ONLY: [2.797948, 2.0888486, 1.5431343, 3.422104, 2.7465272, 1.80496, 1.1519067, 1.7477627, 2.0573893, 4.41738, 2.5194705, 8.817129, 11.183777, 1.4746166, 2.2474225]
TIME_DURATION_TOUCH_ONLY_SHORTEST: [2.797948, 2.0888486, 1.5431343, 2.163508, 2.7465272, 1.80496, 1.1519067, 1.7477627, 1.9044113, 3.854805, 2.0974483, 5.5900764, 11.183777, 1.4746166, 2.2474225]
AVERAGE_PIXEL_VELOCITY: [21.40705, 17.261518, 14.987979, 16.74127, 18.681461, 29.021437, 26.370615, 19.959518, 25.098347, 30.845797, 22.95748, 17.16123, 20.050652, 19.398424, 20.190153]
REACTION_TIME_FIRST_PRESSED: [1.8933007, 2.3341947, 1.200322, 1.4838843, 1.5338608, 0.8668788, 1.3838159, 0.7668403, 6.0525036, 1.2671394, 1.4338132, 1.450499, 14.973041, 1.1670597, 2.3341372]
REACTION_TIME_FIRST_TOUCH: [1.8933007, 2.3341947, 1.200322, 1.4838843, 1.5338608, 0.8668788, 1.3838159, 0.7668403, 0.21660209, 1.2671394, 1.4338132, 1.450499, 3.2346108, 1.1670597, 2.3341372]
AVERAGE_REACTION_TIME_TO_ERRORS: [2.7344275, 0.0, 0.0, 1.5338887, 0.0, 0.0, 0.0, 0.0, 1.9675174, 1.4784179, 1.0171007, 1.3727556, 1.7888223, 0.0, 0.0]
TEXT_ENTRY_RATE_WPM: [12.866572, 22.979168, 15.552762, 10.519844, 17.476616, 26.593388, 20.83502, 34.3296, 17.497906, 13.582712, 23.814528, 5.4439487, 5.364914, 16.275417, 16.01835]
TEXT_ENTRY_RATE_MODIFIED_WPM_SHORTEST: [12.866572, 22.979168, 15.552762, 16.639645, 17.476616, 26.593388, 20.83502, 34.3296, 18.903479, 15.564989, 28.606186, 8.586645, 5.364914, 16.275417, 16.01835]
TEXT_ENTRY_RATE_MODIFIED_WPM_VULTURE: [17.155432, 28.723959, 23.329142, 14.026461, 21.84577, 33.241734, 31.252531, 41.195522, 6.0811143, 16.299255, 28.577433, 6.8049364, 3.1410587, 24.413126, 21.357801]
TEXT_ENTRY_RATE_MODIFIED_WPM_SHORTEST_VULTURE: [17.155432, 28.723959, 23.329142, 22.186192, 21.84577, 33.241734, 31.252531, 41.195522, 6.2013, 18.677988, 34.327427, 10.733306, 3.1410587, 24.413126, 21.357801]
ERROR_RATE_KSPC: [2.0, 1.0, 1.0, 3.0, 1.0, 1.0, 1.0, 1.0, 4.0, 2.3333333, 1.3333334, 6.2, 7.3333335, 1.0, 1.0]
ERROR_RATE_MODIFIED_KSPC_SHORTEST: [2.0, 1.0, 1.0, 1.0, 1.0, 1.0, 1.0, 1.0, 3.0, 1.8571428, 1.0, 4.0, 7.3333335, 1.0, 1.0]
ERROR_RATE_MODIFIED_MSD_SHORTEST: [0.0, 0.0, 0.0, 33.333336, 0.0, 0.0, 0.0, 0.0, 20.0, 14.285715, 14.285715, 16.666668, 0.0, 0.0, 0.0]
ERROR_RATE_MODIFIED_MSD_BACKSPACE: [25.0, 0.0, 0.0, 33.333336, 0.0, 0.0, 0.0, 0.0, 37.5, 28.57143, 12.5, 41.935482, 43.18182, 0.0, 0.0]
TOTAL_ERROR_RATE: [33.333336, 0.0, 0.0, 50.0, 0.0, 0.0, 0.0, 0.0, 60.000004, 40.0, 14.285715, 72.22222, 76.0, 0.0, 0.0]
TOTAL_ERROR_RATE_MODIFIED_SHORTEST: [33.333336, 0.0, 0.0, 33.333336, 0.0, 0.0, 0.0, 0.0, 60.000004, 40.0, 14.285715, 66.66667, 76.0, 0.0, 0.0]
TOTAL_ERROR_RATE_MODIFIED_BACKSPACE: [25.0, 0.0, 0.0, 33.333336, 0.0, 0.0, 0.0, 0.0, 37.5, 28.57143, 12.5, 41.935482, 43.18182, 0.0, 0.0]
FRECHET_DISTANCE_TOUCH_ONLY: [589.8221, 439.3413, 434.66077, 880.6965, 437.2613, 439.56552, 436.96344, 436.4422, 806.579, 636.3361, 830.2683, 691.76154, 619.544, 436.1512, 434.71304]
FRECHET_DISTANCE_TOUCH_ONLY_MODIFIED_SHORTEST: [589.8221, 439.3413, 434.66077, 437.85562, 437.2613, 439.56552, 436.96344, 436.4422, 478.4504, 501.04614, 475.5436, 521.7784, 619.544, 436.1512, 434.71304]
FRECHET_DISTANCE_TOUCH_ONLY_MODIFIED_BACKSPACE: [479.8072, 439.3413, 434.66077, 437.85562, 437.2613, 439.56552, 436.96344, 436.4422, 478.4504, 501.04614, 475.5436, 454.0255, 478.9287, 436.1512, 434.71304]
KEYBOARD_TYPE: leapAirDynamic
PRACTICE_WORDS_PER_INPUT: 6
WORD_ORDER: [fibs, calls, due, fore, gin, nailed, fires, pens, tinned, gales, hale, zit, rocker, topped, shire]
NUMBER_OF_TIMES_PLANE_BREACHED: [1, 12, 1, 1, 6, 4, 1, 1, 3, 7, 1, 1, 3, 2, 6]
DISTANCE_TRAVELED_TOUCH_ONLY: [32.870865, 123.4234, 23.960712, 29.379217, 47.825825, 69.47386, 21.609869, 41.046143, 41.606556, 69.57755, 45.171173, 24.082628, 63.81522, 36.30524, 42.167587]
DISTANCE_TRAVELED_TOUCH_ONLY_SHORTEST: [32.870865, 123.4234, 23.960712, 29.379217, 47.825825, 69.47386, 21.609869, 41.046143, 35.7498, 69.57755, 45.171173, 24.082628, 63.81522, 31.587729, 42.167587]
TIME_DURATION_TOUCH_ONLY: [2.2916408, 2.7526085, 1.974873, 2.4525757, 1.5916519, 4.9734755, 1.5508153, 1.4249258, 2.217156, 4.331315, 1.8042866, 1.1646601, 2.2320585, 1.8600485, 1.4204673]
TIME_DURATION_TOUCH_ONLY_SHORTEST: [2.2916408, 2.7526085, 1.974873, 2.4525757, 1.5916519, 4.9734755, 1.5508153, 1.4249258, 1.7293217, 4.331315, 1.8042866, 1.1646601, 2.2320585, 1.5417235, 1.4204673]
AVERAGE_PIXEL_VELOCITY: [14.388448, 12.255903, 12.1791725, 11.9873295, 11.162842, 13.982784, 13.934748, 28.964933, 18.775064, 16.051361, 25.059826, 20.634727, 18.224808, 19.617292, 17.690296]
REACTION_TIME_FIRST_PRESSED: [3.1803513, 17.740915, 1.3171146, 1.4171423, 23.726814, 1.46721, 1.383831, 1.3004249, 1.1170052, 1.533924, 0.79864657, 1.0836991, 4.301741, 1.4004865, 5.919074]
REACTION_TIME_FIRST_TOUCH: [3.1803513, 0.933655, 1.3171146, 1.4171423, 2.434281, 1.46721, 1.383831, 1.3004249, 1.1170052, 1.533924, 0.79864657, 1.0836991, 0.9502889, 1.4004865, 1.8339937]
AVERAGE_REACTION_TIME_TO_ERRORS: [0.0, 1.3797169, 0.0, 0.0, 3.6265135, 1.2338467, 0.0, 0.0, 1.1504455, 1.0837466, 0.0, 0.0, 1.0837437, 1.1004288, 1.2338552]
TEXT_ENTRY_RATE_WPM: [15.70927, 17.438005, 12.15268, 14.678447, 15.078674, 12.063998, 30.951462, 25.264471, 27.061695, 11.082085, 19.952484, 20.60687, 26.881016, 32.257225, 33.7917]
TEXT_ENTRY_RATE_MODIFIED_WPM_SHORTEST: [15.70927, 17.438005, 12.15268, 14.678447, 15.078674, 12.063998, 30.951462, 25.264471, 34.695686, 11.082085, 19.952484, 20.60687, 26.881016, 38.91749, 33.7917]
TEXT_ENTRY_RATE_MODIFIED_WPM_VULTURE: [20.945692, 3.0675051, 18.229021, 19.571262, 1.5731388, 14.476798, 38.689327, 33.685966, 32.474037, 13.852605, 26.603315, 30.910307, 12.895113, 38.708668, 10.898099]
TEXT_ENTRY_RATE_MODIFIED_WPM_SHORTEST_VULTURE: [20.945692, 3.0675051, 18.229021, 19.571262, 1.5731388, 14.476798, 38.689327, 33.685966, 41.634823, 13.852605, 26.603315, 30.910307, 12.895113, 46.700985, 10.898099]
ERROR_RATE_KSPC: [1.0, 4.0, 1.0, 1.0, 4.3333335, 1.6666666, 1.0, 1.0, 1.6666666, 2.3333333, 1.0, 1.0, 1.6666666, 1.3333334, 1.6666666]
ERROR_RATE_MODIFIED_KSPC_SHORTEST: [1.0, 4.0, 1.0, 1.0, 4.3333335, 1.6666666, 1.0, 1.0, 1.0, 2.3333333, 1.0, 1.0, 1.6666666, 1.0, 1.6666666]
ERROR_RATE_MODIFIED_MSD_SHORTEST: [0.0, 16.666668, 0.0, 0.0, 0.0, 0.0, 0.0, 0.0, 25.0, 16.666668, 0.0, 0.0, 0.0, 14.285715, 16.666668]
ERROR_RATE_MODIFIED_MSD_BACKSPACE: [0.0, 41.666664, 0.0, 0.0, 38.46154, 20.0, 0.0, 0.0, 20.0, 35.714287, 0.0, 0.0, 20.0, 12.5, 30.000002]
TOTAL_ERROR_RATE: [0.0, 66.66667, 0.0, 0.0, 62.5, 25.0, 0.0, 0.0, 25.0, 50.0, 0.0, 0.0, 25.0, 14.285715, 37.5]
TOTAL_ERROR_RATE_MODIFIED_SHORTEST: [0.0, 66.66667, 0.0, 0.0, 62.5, 25.0, 0.0, 0.0, 25.0, 50.0, 0.0, 0.0, 25.0, 14.285715, 37.5]
TOTAL_ERROR_RATE_MODIFIED_BACKSPACE: [0.0, 41.666664, 0.0, 0.0, 38.46154, 20.0, 0.0, 0.0, 20.0, 35.714287, 0.0, 0.0, 20.0, 12.5, 30.000002]
FRECHET_DISTANCE_TOUCH_ONLY: [141.95125, 538.2601, 142.28893, 174.30237, 401.20706, 261.41147, 134.91798, 245.37296, 713.9349, 317.86224, 295.3863, 217.08786, 355.6914, 716.83466, 447.49432]
FRECHET_DISTANCE_TOUCH_ONLY_MODIFIED_SHORTEST: [141.95125, 538.2601, 142.28893, 174.30237, 401.20706, 261.41147, 134.91798, 245.37296, 169.32343, 317.86224, 295.3863, 217.08786, 355.6914, 252.63379, 447.49432]
FRECHET_DISTANCE_TOUCH_ONLY_MODIFIED_BACKSPACE: [141.95125, 309.44968, 142.28893, 174.30237, 288.68716, 242.65167, 134.91798, 245.37296, 169.32343, 281.36472, 295.3863, 217.08786, 198.24307, 252.63379, 185.53078]
KEYBOARD_TYPE: leapAirBimodal
PRACTICE_WORDS_PER_INPUT: 11
WORD_ORDER: [run, tale, shied, dales, hopped, sinned, sites, wicker, dire, halls, sit, failed, fir, pans, fine]
NUMBER_OF_TIMES_PLANE_BREACHED: [5, 1, 1, 1, 1, 4, 1, 1, 1, 1, 2, 1, 1, 6, 1]
DISTANCE_TRAVELED_TOUCH_ONLY: [54.919228, 43.688244, 31.221699, 42.953728, 29.720982, 55.34429, 34.071133, 54.275284, 27.927347, 48.809647, 35.805275, 45.083794, 22.980152, 84.33809, 27.498482]
DISTANCE_TRAVELED_TOUCH_ONLY_SHORTEST: [54.919228, 43.688244, 31.221699, 42.953728, 29.720982, 32.649754, 34.071133, 54.275284, 27.927347, 48.809647, 25.662426, 45.083794, 22.980152, 84.33809, 27.498482]
TIME_DURATION_TOUCH_ONLY: [1.4786069, 2.0995667, 2.1396205, 2.5745287, 2.5148442, 3.095874, 2.452674, 2.9569833, 1.6342207, 1.7854759, 1.0796192, 2.5837085, 1.1263359, 2.1607046, 1.7707627]
TIME_DURATION_TOUCH_ONLY_SHORTEST: [1.4786069, 2.0995667, 2.1396205, 2.5745287, 2.5148442, 2.8510413, 2.452674, 2.9569833, 1.6342207, 1.7854759, 1.0134792, 2.5837085, 1.1263359, 2.1607046, 1.7707627]
AVERAGE_PIXEL_VELOCITY: [37.454006, 20.782223, 14.6362295, 16.73061, 11.80797, 17.83435, 13.907944, 18.391535, 17.09561, 27.361942, 33.055298, 17.443338, 20.284822, 39.218266, 15.558959]
REACTION_TIME_FIRST_PRESSED: [1.8285528, 2.000752, 1.4837782, 1.1170431, 1.5005376, 1.2504388, 1.3838097, 2.084122, 1.1836839, 1.1169705, 0.8668626, 1.9173557, 1.0336978, 1.3337374, 0.98364]
REACTION_TIME_FIRST_TOUCH: [1.8285528, 2.000752, 1.4837782, 1.1170431, 1.5005376, 1.2504388, 1.3838097, 2.084122, 1.1836839, 1.1169705, 0.8668626, 1.9173557, 1.0336978, 1.3337374, 0.98364]
AVERAGE_REACTION_TIME_TO_ERRORS: [1.0503303, 0.0, 0.0, 0.0, 0.0, 1.4172089, 0.0, 0.0, 0.0, 0.0, 1.5172222, 0.0, 0.0, 1.2671361, 0.0]
TEXT_ENTRY_RATE_WPM: [16.231495, 17.146397, 22.433886, 18.64419, 23.858335, 19.380634, 19.570478, 20.29095, 22.028849, 26.88359, 22.230062, 23.222433, 21.308033, 16.661232, 20.330223]
TEXT_ENTRY_RATE_MODIFIED_WPM_SHORTEST: [16.231495, 17.146397, 22.433886, 18.64419, 23.858335, 21.044943, 19.570478, 20.29095, 22.028849, 26.88359, 23.680801, 23.222433, 21.308033, 16.661232, 20.330223]
TEXT_ENTRY_RATE_MODIFIED_WPM_VULTURE: [24.347242, 22.86186, 28.042356, 23.305237, 28.630005, 23.256762, 24.463097, 24.34914, 29.371796, 33.60449, 33.34509, 27.866922, 31.962046, 22.214975, 27.106964]
TEXT_ENTRY_RATE_MODIFIED_WPM_SHORTEST_VULTURE: [24.347242, 22.86186, 28.042356, 23.305237, 28.630005, 25.253933, 24.463097, 24.34914, 29.371796, 33.60449, 35.521206, 27.866922, 31.962046, 22.214975, 27.106964]
ERROR_RATE_KSPC: [3.0, 1.0, 1.0, 1.0, 1.0, 1.6666666, 1.0, 1.0, 1.0, 1.0, 1.6666666, 1.0, 1.0, 2.5, 1.0]
ERROR_RATE_MODIFIED_KSPC_SHORTEST: [3.0, 1.0, 1.0, 1.0, 1.0, 1.0, 1.0, 1.0, 1.0, 1.0, 1.0, 1.0, 1.0, 2.5, 1.0]
ERROR_RATE_MODIFIED_MSD_SHORTEST: [0.0, 0.0, 0.0, 0.0, 0.0, 25.0, 0.0, 0.0, 0.0, 0.0, 25.0, 0.0, 0.0, 0.0, 0.0]
ERROR_RATE_MODIFIED_MSD_BACKSPACE: [33.333336, 0.0, 0.0, 0.0, 0.0, 20.0, 0.0, 0.0, 0.0, 0.0, 20.0, 0.0, 0.0, 30.000002, 0.0]
TOTAL_ERROR_RATE: [50.0, 0.0, 0.0, 0.0, 0.0, 25.0, 0.0, 0.0, 0.0, 0.0, 25.0, 0.0, 0.0, 42.857143, 0.0]
TOTAL_ERROR_RATE_MODIFIED_SHORTEST: [50.0, 0.0, 0.0, 0.0, 0.0, 25.0, 0.0, 0.0, 0.0, 0.0, 25.0, 0.0, 0.0, 42.857143, 0.0]
TOTAL_ERROR_RATE_MODIFIED_BACKSPACE: [33.333336, 0.0, 0.0, 0.0, 0.0, 20.0, 0.0, 0.0, 0.0, 0.0, 20.0, 0.0, 0.0, 30.000002, 0.0]
FRECHET_DISTANCE_TOUCH_ONLY: [571.15436, 284.736, 185.16663, 279.36716, 254.23758, 502.49274, 205.062, 238.93568, 235.86841, 288.0497, 699.75995, 236.69463, 237.87184, 571.14856, 182.38869]
FRECHET_DISTANCE_TOUCH_ONLY_MODIFIED_SHORTEST: [571.15436, 284.736, 185.16663, 279.36716, 254.23758, 206.7653, 205.062, 238.93568, 235.86841, 288.0497, 255.6143, 236.69463, 237.87184, 571.14856, 182.38869]
FRECHET_DISTANCE_TOUCH_ONLY_MODIFIED_BACKSPACE: [391.972, 284.736, 185.16663, 279.36716, 254.23758, 344.75076, 205.062, 238.93568, 235.86841, 288.0497, 383.01828, 236.69463, 237.87184, 380.28342, 182.38869]
