KEYBOARD_TYPE: tablet
PRACTICE_WORDS_PER_INPUT: 3
WORD_ORDER: [hailed, shier, tales, coy, bale, mans, find, sires, dipped, falls, sicker, sue, dubbed, tin, core]
NUMBER_OF_TIMES_PLANE_BREACHED: [1, 1, 1, 1, 1, 1, 1, 1, 1, 1, 1, 1, 7, 1, 1]
DISTANCE_TRAVELED_TOUCH_ONLY: [1416.2319, 852.51447, 1384.2014, 528.2756, 1510.1776, 1363.7017, 660.9019, 725.41327, 1046.1635, 1289.2444, 1332.8341, 564.11334, 1273.6644, 363.51602, 698.9532]
DISTANCE_TRAVELED_TOUCH_ONLY_SHORTEST: [1416.2319, 852.51447, 1384.2014, 528.2756, 1510.1776, 1363.7017, 660.9019, 725.41327, 1046.1635, 1289.2444, 1332.8341, 564.11334, 1229.9078, 363.51602, 698.9532]
TIME_DURATION_TOUCH_ONLY: [1.8157736, 1.6452823, 1.6084841, 0.89445114, 1.4486818, 1.3782676, 1.004777, 1.1336385, 1.3529203, 1.6456122, 1.943539, 0.8002697, 4.322667, 0.6782894, 0.9044336]
TIME_DURATION_TOUCH_ONLY_SHORTEST: [1.8157736, 1.6452823, 1.6084841, 0.89445114, 1.4486818, 1.3782676, 1.004777, 1.1336385, 1.3529203, 1.6456122, 1.943539, 0.8002697, 3.492113, 0.6782894, 0.9044336]
AVERAGE_PIXEL_VELOCITY: [786.85693, 520.5788, 856.83405, 585.4417, 1034.0424, 989.2696, 657.055, 637.68445, 778.5439, 781.73236, 686.88873, 703.46735, 296.95538, 535.68164, 764.82]
REACTION_TIME_FIRST_PRESSED: [1.342221, 1.2586955, 1.1906852, 1.0716401, 1.3097606, 1.2082814, 1.1227986, 1.207709, 1.343842, 1.1735758, 1.1396601, 1.2757932, 1.2417369, 1.4458715, 1.0886233]
REACTION_TIME_FIRST_TOUCH: [1.342221, 1.2586955, 1.1906852, 1.0716401, 1.3097606, 1.2082814, 1.1227986, 1.207709, 1.343842, 1.1735758, 1.1396601, 1.2757932, 1.2417369, 1.4458715, 1.0886233]
AVERAGE_REACTION_TIME_TO_ERRORS: [0.0, 0.0, 0.0, 0.0, 0.0, 0.0, 0.0, 0.0, 0.0, 0.0, 0.0, 0.0, 1.4458331, 0.0, 0.0]
TEXT_ENTRY_RATE_WPM: [33.04377, 29.174326, 29.841764, 26.832098, 24.850176, 26.119745, 35.82885, 42.34154, 44.34851, 29.168476, 30.87152, 29.98989, 13.88032, 35.38313, 39.803917]
TEXT_ENTRY_RATE_MODIFIED_WPM_SHORTEST: [33.04377, 29.174326, 29.841764, 26.832098, 24.850176, 26.119745, 35.82885, 42.34154, 44.34851, 29.168476, 30.87152, 29.98989, 17.181576, 35.38313, 39.803917]
TEXT_ENTRY_RATE_MODIFIED_WPM_VULTURE: [22.799276, 20.661314, 21.434933, 18.310444, 17.401125, 18.557545, 22.560894, 25.62627, 26.698683, 21.282724, 23.35237, 17.340515, 12.939391, 16.94787, 24.083609]
TEXT_ENTRY_RATE_MODIFIED_WPM_SHORTEST_VULTURE: [22.799276, 20.661314, 21.434933, 18.310444, 17.401125, 18.557545, 22.560894, 25.62627, 26.698683, 21.282724, 23.35237, 17.340515, 15.209607, 16.94787, 24.083609]
ERROR_RATE_KSPC: [1.0, 1.0, 1.0, 1.0, 1.0, 1.0, 1.0, 1.0, 1.0, 1.0, 1.0, 1.0, 2.6666667, 1.0, 1.0]
ERROR_RATE_MODIFIED_KSPC_SHORTEST: [1.0, 1.0, 1.0, 1.0, 1.0, 1.0, 1.0, 1.0, 1.0, 1.0, 1.0, 1.0, 1.75, 1.0, 1.0]
ERROR_RATE_MODIFIED_MSD_SHORTEST: [0.0, 0.0, 0.0, 0.0, 0.0, 0.0, 0.0, 0.0, 0.0, 0.0, 0.0, 0.0, 25.0, 0.0, 0.0]
ERROR_RATE_MODIFIED_MSD_BACKSPACE: [0.0, 0.0, 0.0, 0.0, 0.0, 0.0, 0.0, 0.0, 0.0, 0.0, 0.0, 0.0, 31.25, 0.0, 0.0]
ERROR_RATE_MWD: [6.666667]
ERROR_RATE_MODIFIED_MWD_SHORTEST: [6.666667]
ERROR_RATE_MODIFIED_MWD_BACKSPACE: [6.666667]
TOTAL_ERROR_RATE: [0.0, 0.0, 0.0, 0.0, 0.0, 0.0, 0.0, 0.0, 0.0, 0.0, 0.0, 0.0, 45.454548, 0.0, 0.0]
TOTAL_ERROR_RATE_MODIFIED_SHORTEST: [0.0, 0.0, 0.0, 0.0, 0.0, 0.0, 0.0, 0.0, 0.0, 0.0, 0.0, 0.0, 45.454548, 0.0, 0.0]
TOTAL_ERROR_RATE_MODIFIED_BACKSPACE: [0.0, 0.0, 0.0, 0.0, 0.0, 0.0, 0.0, 0.0, 0.0, 0.0, 0.0, 0.0, 31.25, 0.0, 0.0]
FRECHET_DISTANCE_TOUCH_ONLY: [227.0022, 180.13606, 291.33658, 177.7892, 271.3614, 251.39014, 131.09538, 202.54382, 236.54175, 280.82913, 205.52615, 167.72, 447.1465, 108.90822, 184.3285]
FRECHET_DISTANCE_TOUCH_ONLY_MODIFIED_SHORTEST: [227.0022, 180.13606, 291.33658, 177.7892, 271.3614, 251.39014, 131.09538, 202.54382, 236.54175, 280.82913, 205.52615, 167.72, 424.1344, 108.90822, 184.3285]
FRECHET_DISTANCE_TOUCH_ONLY_MODIFIED_BACKSPACE: [227.0022, 180.13606, 291.33658, 177.7892, 271.3614, 251.39014, 131.09538, 202.54382, 236.54175, 280.82913, 205.52615, 167.72, 271.97977, 108.90822, 184.3285]
KEYBOARD_TYPE: leapSurface
PRACTICE_WORDS_PER_INPUT: 9
WORD_ORDER: [bales, hot, vale, mailed, tub, docket, galls, dot, rubbed, rubs, fire, fores, ripped, owns, shies]
NUMBER_OF_TIMES_PLANE_BREACHED: [1, 1, 1, 1, 1, 1, 3, 1, 1, 1, 1, 1, 1, 3, 1]
DISTANCE_TRAVELED_TOUCH_ONLY: [1787.7212, 520.09296, 1542.8914, 2075.4373, 437.07623, 2052.628, 2223.2725, 826.7671, 947.89215, 843.5981, 799.4433, 852.9229, 1148.1344, 2957.245, 1005.65173]
DISTANCE_TRAVELED_TOUCH_ONLY_SHORTEST: [1787.7212, 520.09296, 1542.8914, 2075.4373, 437.07623, 2052.628, 2223.2725, 826.7671, 947.89215, 843.5981, 799.4433, 852.9229, 1148.1344, 2957.245, 1005.65173]
TIME_DURATION_TOUCH_ONLY: [2.0491476, 1.0399169, 1.5432031, 2.261381, 0.7976694, 2.1449203, 2.9845974, 0.9567968, 1.6767621, 1.2320518, 1.0976723, 1.1361865, 1.303899, 1.477841, 1.4956757]
TIME_DURATION_TOUCH_ONLY_SHORTEST: [2.0491476, 1.0399169, 1.5432031, 2.261381, 0.7976694, 2.1449203, 2.9845974, 0.9567968, 1.6767621, 1.2320518, 1.0976723, 1.1361865, 1.303899, 1.477841, 1.4956757]
AVERAGE_PIXEL_VELOCITY: [878.8169, 503.16336, 1005.715, 915.2855, 546.1768, 954.46686, 744.8861, 855.13025, 568.56714, 683.7851, 726.3737, 741.3636, 871.8018, 764.5241, 670.2026]
REACTION_TIME_FIRST_PRESSED: [2.0282474, 1.8004904, 1.2503631, 1.200437, 1.2670405, 1.1336778, 1.4005115, 1.1837339, 1.0836638, 1.383769, 1.2337422, 1.2003756, 1.0989546, 5.769018, 1.267078]
REACTION_TIME_FIRST_TOUCH: [2.0282474, 1.8004904, 1.2503631, 1.200437, 1.2670405, 1.1336778, 1.4005115, 1.1837339, 1.0836638, 1.383769, 1.2337422, 1.2003756, 1.0989546, 1.3670819, 1.267078]
AVERAGE_REACTION_TIME_TO_ERRORS: [0.0, 0.0, 0.0, 0.0, 0.0, 0.0, 1.2504643, 0.0, 0.0, 0.0, 0.0, 0.0, 0.0, 2.0675497, 0.0]
TEXT_ENTRY_RATE_WPM: [23.424376, 23.078768, 23.328102, 26.532461, 30.087652, 27.973066, 16.082571, 25.083696, 35.783253, 29.21955, 32.796673, 42.246586, 46.015835, 24.359861, 32.092518]
TEXT_ENTRY_RATE_MODIFIED_WPM_SHORTEST: [23.424376, 23.078768, 23.328102, 26.532461, 30.087652, 27.973066, 16.082571, 25.083696, 35.783253, 29.21955, 32.796673, 42.246586, 46.015835, 24.359861, 32.092518]
TEXT_ENTRY_RATE_MODIFIED_WPM_VULTURE: [14.715279, 12.674239, 17.182339, 20.798323, 17.435865, 21.960606, 13.682671, 16.818258, 26.082932, 18.349882, 20.588358, 25.678751, 29.964375, 6.6235595, 21.717464]
TEXT_ENTRY_RATE_MODIFIED_WPM_SHORTEST_VULTURE: [14.715279, 12.674239, 17.182339, 20.798323, 17.435865, 21.960606, 13.682671, 16.818258, 26.082932, 18.349882, 20.588358, 25.678751, 29.964375, 6.6235595, 21.717464]
ERROR_RATE_KSPC: [1.0, 1.0, 1.0, 1.0, 1.0, 1.0, 1.4, 1.0, 1.0, 1.0, 1.0, 1.0, 1.0, 3.0, 1.0]
ERROR_RATE_MODIFIED_KSPC_SHORTEST: [1.0, 1.0, 1.0, 1.0, 1.0, 1.0, 1.4, 1.0, 1.0, 1.0, 1.0, 1.0, 1.0, 3.0, 1.0]
ERROR_RATE_MODIFIED_MSD_SHORTEST: [0.0, 0.0, 0.0, 0.0, 0.0, 0.0, 0.0, 0.0, 0.0, 0.0, 0.0, 0.0, 0.0, 0.0, 0.0]
ERROR_RATE_MODIFIED_MSD_BACKSPACE: [0.0, 0.0, 0.0, 0.0, 0.0, 0.0, 14.285715, 0.0, 0.0, 0.0, 0.0, 0.0, 0.0, 33.333336, 0.0]
ERROR_RATE_MWD: [13.333334]
ERROR_RATE_MODIFIED_MWD_SHORTEST: [0.0]
ERROR_RATE_MODIFIED_MWD_BACKSPACE: [13.333334]
TOTAL_ERROR_RATE: [0.0, 0.0, 0.0, 0.0, 0.0, 0.0, 16.666668, 0.0, 0.0, 0.0, 0.0, 0.0, 0.0, 50.0, 0.0]
TOTAL_ERROR_RATE_MODIFIED_SHORTEST: [0.0, 0.0, 0.0, 0.0, 0.0, 0.0, 16.666668, 0.0, 0.0, 0.0, 0.0, 0.0, 0.0, 50.0, 0.0]
TOTAL_ERROR_RATE_MODIFIED_BACKSPACE: [0.0, 0.0, 0.0, 0.0, 0.0, 0.0, 14.285715, 0.0, 0.0, 0.0, 0.0, 0.0, 0.0, 33.333336, 0.0]
FRECHET_DISTANCE_TOUCH_ONLY: [292.61942, 141.68146, 292.6014, 260.11368, 75.88181, 206.80714, 311.91772, 192.73088, 145.62076, 150.62184, 139.00856, 180.53658, 253.30623, 412.5974, 177.63867]
FRECHET_DISTANCE_TOUCH_ONLY_MODIFIED_SHORTEST: [292.61942, 141.68146, 292.6014, 260.11368, 75.88181, 206.80714, 311.91772, 192.73088, 145.62076, 150.62184, 139.00856, 180.53658, 253.30623, 412.5974, 177.63867]
FRECHET_DISTANCE_TOUCH_ONLY_MODIFIED_BACKSPACE: [292.61942, 141.68146, 292.6014, 260.11368, 75.88181, 206.80714, 311.91772, 192.73088, 145.62076, 150.62184, 139.00856, 180.53658, 253.30623, 412.5974, 177.63867]
KEYBOARD_TYPE: leapAirStatic
PRACTICE_WORDS_PER_INPUT: 7
WORD_ORDER: [balls, yipped, sir, got, hales, sire, lane, sores, gape, socket, rub, subbed, bailed, shirt, rind]
NUMBER_OF_TIMES_PLANE_BREACHED: [1, 2, 1, 3, 8, 1, 1, 1, 3, 1, 5, 1, 7, 3, 5]
DISTANCE_TRAVELED_TOUCH_ONLY: [1717.1707, 2175.6494, 912.3234, 1079.117, 3550.727, 1062.0045, 1548.6873, 1212.6611, 1925.4429, 2087.6038, 1374.0876, 1148.4146, 2012.1299, 1644.8461, 1766.4094]
DISTANCE_TRAVELED_TOUCH_ONLY_SHORTEST: [1717.1707, 2089.4368, 912.3234, 1079.117, 3550.727, 1062.0045, 1548.6873, 1212.6611, 1925.4429, 2087.6038, 1315.6198, 1148.4146, 2012.1299, 1644.8461, 1480.2068]
TIME_DURATION_TOUCH_ONLY: [3.6998944, 5.4890757, 2.1503878, 1.7259598, 9.804446, 2.0687294, 2.7292175, 2.3562167, 2.5499918, 3.6732898, 2.1155667, 2.774189, 4.0563216, 2.489382, 4.221328]
TIME_DURATION_TOUCH_ONLY_SHORTEST: [3.6998944, 4.70942, 2.1503878, 1.7259598, 9.804446, 2.0687294, 2.7292175, 2.3562167, 2.5499918, 3.6732898, 1.75619, 2.774189, 4.0563216, 2.489382, 2.6893218]
AVERAGE_PIXEL_VELOCITY: [466.0072, 396.59616, 424.1961, 294.57135, 362.8533, 513.48584, 569.77313, 515.8193, 458.19427, 569.0752, 356.84436, 412.39774, 374.83447, 377.9052, 301.91635]
REACTION_TIME_FIRST_PRESSED: [3.7955546, 2.8844018, 2.5009196, 9.153839, 2.550954, 2.3175254, 2.3175132, 2.150835, 7.2363067, 2.0174286, 6.752794, 2.5676384, 12.355253, 6.636064, 6.686108]
REACTION_TIME_FIRST_TOUCH: [3.7955546, 2.8844018, 2.5009196, 3.6181052, 2.550954, 2.3175254, 2.3175132, 2.150835, 3.6847575, 2.0174286, 3.267977, 2.5676384, 3.1512752, 1.9506854, 2.5843544]
AVERAGE_REACTION_TIME_TO_ERRORS: [0.0, 1.1338098, 0.0, 1.7507122, 1.3171616, 0.0, 0.0, 0.0, 1.2671969, 0.0, 1.6506567, 0.0, 1.6506412, 1.2671955, 2.0508382]
TEXT_ENTRY_RATE_WPM: [12.973343, 10.930802, 11.160777, 13.905307, 4.895738, 17.401987, 13.190593, 20.371641, 14.117693, 16.334133, 11.344478, 21.627943, 14.791727, 19.281895, 8.528122]
TEXT_ENTRY_RATE_MODIFIED_WPM_SHORTEST: [12.973343, 12.740421, 11.160777, 13.905307, 4.895738, 17.401987, 13.190593, 20.371641, 14.117693, 16.334133, 13.665949, 21.627943, 14.791727, 19.281895, 13.386275]
TEXT_ENTRY_RATE_MODIFIED_WPM_VULTURE: [8.004858, 8.598578, 7.73976, 3.3088844, 4.8561764, 10.943277, 9.511107, 13.312472, 4.9048166, 12.652181, 4.0593753, 13.478534, 4.3871474, 6.575021, 4.4006677]
TEXT_ENTRY_RATE_MODIFIED_WPM_SHORTEST_VULTURE: [8.004858, 9.481391, 7.73976, 3.3088844, 4.8561764, 10.943277, 9.511107, 13.312472, 4.9048166, 12.652181, 4.2308226, 13.478534, 4.3871474, 6.575021, 5.1197653]
ERROR_RATE_KSPC: [1.0, 1.6666666, 1.0, 3.0, 5.4, 1.0, 1.0, 1.0, 2.0, 1.0, 3.6666667, 1.0, 2.0, 1.8, 4.0]
ERROR_RATE_MODIFIED_KSPC_SHORTEST: [1.0, 1.6666666, 1.0, 3.0, 5.4, 1.0, 1.0, 1.0, 2.0, 1.0, 2.5, 1.0, 2.0, 1.8, 1.8571428]
ERROR_RATE_MODIFIED_MSD_SHORTEST: [0.0, 0.0, 0.0, 0.0, 0.0, 0.0, 0.0, 0.0, 0.0, 0.0, 25.0, 0.0, 0.0, 0.0, 42.857143]
ERROR_RATE_MODIFIED_MSD_BACKSPACE: [0.0, 20.0, 0.0, 33.333336, 40.74074, 0.0, 0.0, 0.0, 25.0, 0.0, 36.363636, 0.0, 25.0, 22.222223, 37.5]
ERROR_RATE_MWD: [53.333336]
ERROR_RATE_MODIFIED_MWD_SHORTEST: [13.333334]
ERROR_RATE_MODIFIED_MWD_BACKSPACE: [53.333336]
TOTAL_ERROR_RATE: [0.0, 25.0, 0.0, 50.0, 68.75, 0.0, 0.0, 0.0, 33.333336, 0.0, 57.14286, 0.0, 33.333336, 28.57143, 60.000004]
TOTAL_ERROR_RATE_MODIFIED_SHORTEST: [0.0, 25.0, 0.0, 50.0, 68.75, 0.0, 0.0, 0.0, 33.333336, 0.0, 57.14286, 0.0, 33.333336, 28.57143, 60.000004]
TOTAL_ERROR_RATE_MODIFIED_BACKSPACE: [0.0, 20.0, 0.0, 33.333336, 40.74074, 0.0, 0.0, 0.0, 25.0, 0.0, 36.363636, 0.0, 25.0, 22.222223, 37.5]
FRECHET_DISTANCE_TOUCH_ONLY: [293.78293, 343.03967, 197.70224, 338.7365, 464.64023, 199.02173, 295.06, 240.75153, 522.4833, 237.0394, 473.2316, 165.02579, 483.76193, 365.7237, 393.00345]
FRECHET_DISTANCE_TOUCH_ONLY_MODIFIED_SHORTEST: [293.78293, 642.6817, 197.70224, 338.7365, 464.64023, 199.02173, 295.06, 240.75153, 522.4833, 237.0394, 473.2316, 165.02579, 483.76193, 365.7237, 354.43408]
FRECHET_DISTANCE_TOUCH_ONLY_MODIFIED_BACKSPACE: [293.78293, 326.33374, 197.70224, 266.50104, 408.62308, 199.02173, 295.06, 240.75153, 298.6368, 237.0394, 318.38657, 165.02579, 397.39224, 370.32977, 241.61154]
KEYBOARD_TYPE: leapAirPinch
PRACTICE_WORDS_PER_INPUT: 6
WORD_ORDER: [shift, mane, jailed, sure, games, rim, cores, rocket, fit, finned, fins, gale, tipped, gamma, soy]
NUMBER_OF_TIMES_PLANE_BREACHED: [1, 1, 1, 1, 1, 1, 1, 3, 1, 5, 1, 2, 1, 1, 9]
DISTANCE_TRAVELED_TOUCH_ONLY: [1319.5382, 1852.3909, 2131.2217, 1090.9198, 1788.1522, 909.02747, 1251.123, 2551.3552, 924.5614, 2832.0005, 1360.1459, 2228.746, 1513.4374, 1794.7274, 4206.7515]
DISTANCE_TRAVELED_TOUCH_ONLY_SHORTEST: [1319.5382, 1852.3909, 2131.2217, 1090.9198, 1788.1522, 909.02747, 1251.123, 2103.7134, 924.5614, 2355.544, 1360.1459, 1776.1265, 1513.4374, 1794.7274, 4206.7515]
TIME_DURATION_TOUCH_ONLY: [2.024002, 1.8442175, 3.288125, 1.2643714, 2.0827084, 0.95481604, 1.8208336, 3.1685627, 1.1230806, 2.500665, 2.128575, 2.3568966, 1.9824246, 2.2361617, 6.84863]
TIME_DURATION_TOUCH_ONLY_SHORTEST: [2.024002, 1.8442175, 3.288125, 1.2643714, 2.0827084, 0.95481604, 1.8208336, 2.9436567, 1.1230806, 2.255088, 2.128575, 2.1177986, 1.9824246, 2.2361617, 6.84863]
AVERAGE_PIXEL_VELOCITY: [654.4686, 1014.6479, 645.1707, 860.853, 864.5686, 939.8032, 688.86694, 809.30414, 827.13226, 1147.3555, 637.54816, 940.99615, 762.8299, 803.16754, 616.9683]
REACTION_TIME_FIRST_PRESSED: [1.6945188, 1.5171444, 1.7672919, 1.8339521, 1.75067, 1.9673876, 1.5171744, 1.4838027, 1.4504545, 1.4004862, 1.9674206, 1.6839482, 1.884017, 1.550532, 1.5838327]
REACTION_TIME_FIRST_TOUCH: [1.6945188, 1.5171444, 1.7672919, 1.8339521, 1.75067, 1.9673876, 1.5171744, 1.4838027, 1.4504545, 1.4004862, 1.9674206, 1.6839482, 1.884017, 1.550532, 1.5838327]
AVERAGE_REACTION_TIME_TO_ERRORS: [0.0, 0.0, 0.0, 0.0, 0.0, 0.0, 0.0, 2.817777, 0.0, 1.1337578, 0.0, 0.9337088, 0.0, 0.0, 0.9225752]
TEXT_ENTRY_RATE_WPM: [23.715391, 19.520475, 18.24748, 28.472647, 23.046913, 25.135733, 26.361555, 18.936031, 21.369795, 23.99362, 16.912724, 15.274324, 30.26597, 21.465353, 3.5043504]
TEXT_ENTRY_RATE_MODIFIED_WPM_SHORTEST: [23.715391, 19.520475, 18.24748, 28.472647, 23.046913, 25.135733, 26.361555, 20.38281, 21.369795, 26.6065, 16.912724, 16.998785, 30.26597, 21.465353, 3.5043504]
TEXT_ENTRY_RATE_MODIFIED_WPM_VULTURE: [16.13545, 14.279925, 14.242148, 15.49225, 15.65199, 12.31947, 17.974792, 15.476, 13.988541, 18.45609, 11.718761, 11.878704, 18.621773, 15.844957, 4.2692156]
TEXT_ENTRY_RATE_MODIFIED_WPM_SHORTEST_VULTURE: [16.13545, 14.279925, 14.242148, 15.49225, 15.65199, 12.31947, 17.974792, 16.26215, 13.988541, 19.695948, 11.718761, 12.625774, 18.621773, 15.844957, 4.2692156]
ERROR_RATE_KSPC: [1.0, 1.0, 1.0, 1.0, 1.0, 1.0, 1.0, 1.3333334, 1.0, 1.6666666, 1.0, 1.5, 1.0, 1.0, 6.3333335]
ERROR_RATE_MODIFIED_KSPC_SHORTEST: [1.0, 1.0, 1.0, 1.0, 1.0, 1.0, 1.0, 1.0, 1.0, 1.2857143, 1.0, 1.0, 1.0, 1.0, 6.3333335]
ERROR_RATE_MODIFIED_MSD_SHORTEST: [0.0, 0.0, 0.0, 0.0, 0.0, 0.0, 0.0, 14.285715, 0.0, 14.285715, 0.0, 20.0, 0.0, 0.0, 0.0]
ERROR_RATE_MODIFIED_MSD_BACKSPACE: [0.0, 0.0, 0.0, 0.0, 0.0, 0.0, 0.0, 12.5, 0.0, 20.0, 0.0, 16.666668, 0.0, 0.0, 42.105263]
ERROR_RATE_MWD: [26.666668]
ERROR_RATE_MODIFIED_MWD_SHORTEST: [20.0]
ERROR_RATE_MODIFIED_MWD_BACKSPACE: [26.666668]
TOTAL_ERROR_RATE: [0.0, 0.0, 0.0, 0.0, 0.0, 0.0, 0.0, 14.285715, 0.0, 25.0, 0.0, 20.0, 0.0, 0.0, 72.72727]
TOTAL_ERROR_RATE_MODIFIED_SHORTEST: [0.0, 0.0, 0.0, 0.0, 0.0, 0.0, 0.0, 14.285715, 0.0, 25.0, 0.0, 20.0, 0.0, 0.0, 72.72727]
TOTAL_ERROR_RATE_MODIFIED_BACKSPACE: [0.0, 0.0, 0.0, 0.0, 0.0, 0.0, 0.0, 12.5, 0.0, 20.0, 0.0, 16.666668, 0.0, 0.0, 42.105263]
FRECHET_DISTANCE_TOUCH_ONLY: [435.2961, 437.63885, 436.61633, 434.91257, 436.08835, 435.98874, 434.76813, 719.35266, 435.0889, 820.51544, 436.55286, 842.29865, 436.41104, 436.16983, 476.19458]
FRECHET_DISTANCE_TOUCH_ONLY_MODIFIED_SHORTEST: [435.2961, 437.63885, 436.61633, 434.91257, 436.08835, 435.98874, 434.76813, 441.43753, 435.0889, 544.68335, 436.55286, 448.72977, 436.41104, 436.16983, 476.19458]
FRECHET_DISTANCE_TOUCH_ONLY_MODIFIED_BACKSPACE: [435.2961, 437.63885, 436.61633, 434.91257, 436.08835, 435.98874, 434.76813, 441.43753, 435.0889, 560.4108, 436.55286, 448.72977, 436.41104, 436.16983, 452.01]
KEYBOARD_TYPE: leapAirDynamic
PRACTICE_WORDS_PER_INPUT: 8
WORD_ORDER: [due, zit, pens, fore, tinned, fibs, nailed, calls, gin, shire, topped, rocker, hale, gales, fires]
NUMBER_OF_TIMES_PLANE_BREACHED: [2, 1, 5, 1, 1, 4, 1, 5, 2, 1, 3, 3, 15, 2, 3]
DISTANCE_TRAVELED_TOUCH_ONLY: [986.18445, 826.37164, 2356.959, 931.5205, 1130.2502, 2005.0734, 1683.838, 1991.7345, 598.61926, 1076.878, 2186.0127, 2332.1606, 5521.286, 1741.2812, 1692.8953]
DISTANCE_TRAVELED_TOUCH_ONLY_SHORTEST: [698.49164, 826.37164, 2356.959, 931.5205, 1130.2502, 1910.6198, 1683.838, 1991.7345, 454.41083, 1076.878, 2186.0127, 2332.1606, 5388.158, 1556.3997, 1692.8953]
TIME_DURATION_TOUCH_ONLY: [2.19946, 1.5776949, 4.364302, 2.0565364, 2.9249449, 4.9798975, 2.6954508, 4.022002, 2.0252502, 2.060292, 5.597985, 5.196752, 8.930451, 3.152551, 2.2952225]
TIME_DURATION_TOUCH_ONLY_SHORTEST: [1.7545906, 1.5776949, 4.364302, 2.0565364, 2.9249449, 4.509231, 2.6954508, 4.022002, 1.6852459, 2.060292, 5.597985, 5.196752, 8.504816, 2.7061741, 2.2952225]
AVERAGE_PIXEL_VELOCITY: [451.4547, 521.67725, 367.2108, 453.9611, 387.30786, 400.83722, 623.38086, 491.5579, 294.23798, 520.9302, 390.25873, 446.8409, 449.8685, 552.71124, 398.16324]
REACTION_TIME_FIRST_PRESSED: [1.4952717, 2.0174348, 4.001583, 1.6005213, 1.2003189, 1.383792, 1.6172451, 1.6172911, 1.4004854, 1.4337765, 1.4170723, 1.4505064, 8.086675, 1.6839285, 4.7518554]
REACTION_TIME_FIRST_TOUCH: [1.4952717, 2.0174348, 1.1003338, 1.6005213, 1.2003189, 1.383792, 1.6172451, 1.6172911, 1.4004854, 1.4337765, 1.4170723, 1.4505064, 1.2003692, 1.6839285, 1.4337833]
AVERAGE_REACTION_TIME_TO_ERRORS: [1.3505307, 0.0, 1.1587675, 0.0, 0.0, 1.3672059, 0.0, 1.2171531, 1.1171051, 0.0, 0.9672875, 1.0504043, 1.400561, 1.133756, 1.1171122]
TEXT_ENTRY_RATE_WPM: [10.911769, 15.212067, 8.248741, 17.505161, 20.513206, 7.229065, 22.259727, 11.934355, 11.850388, 23.297668, 10.7181425, 11.545673, 4.0311513, 15.225764, 20.913006]
TEXT_ENTRY_RATE_MODIFIED_WPM_SHORTEST: [13.678405, 15.212067, 8.248741, 17.505161, 20.513206, 7.983623, 22.259727, 11.934355, 14.241244, 23.297668, 10.7181425, 11.545673, 4.232896, 17.737219, 20.913006]
TEXT_ENTRY_RATE_MODIFIED_WPM_VULTURE: [9.743604, 10.013547, 5.7375884, 13.125305, 17.45343, 7.5427947, 16.694893, 10.639632, 10.508693, 17.171959, 10.263638, 10.8315325, 2.820688, 12.405719, 8.514167]
TEXT_ENTRY_RATE_MODIFIED_WPM_SHORTEST_VULTURE: [11.077394, 10.013547, 5.7375884, 13.125305, 17.45343, 8.145225, 16.694893, 10.639632, 11.666602, 17.171959, 10.263638, 10.8315325, 2.893049, 13.667107, 8.514167]
ERROR_RATE_KSPC: [1.6666666, 1.0, 3.5, 1.0, 1.0, 3.0, 1.0, 2.2, 1.6666666, 1.0, 1.6666666, 2.0, 7.5, 1.4, 2.2]
ERROR_RATE_MODIFIED_KSPC_SHORTEST: [1.0, 1.0, 3.5, 1.0, 1.0, 2.2, 1.0, 2.2, 1.0, 1.0, 1.6666666, 2.0, 5.8, 1.0, 2.2]
ERROR_RATE_MODIFIED_MSD_SHORTEST: [25.0, 0.0, 0.0, 0.0, 0.0, 20.0, 0.0, 0.0, 25.0, 0.0, 0.0, 0.0, 20.0, 16.666668, 0.0]
ERROR_RATE_MODIFIED_MSD_BACKSPACE: [20.0, 0.0, 35.714287, 0.0, 0.0, 33.333336, 0.0, 27.272728, 20.0, 0.0, 20.0, 25.0, 43.333332, 14.285715, 27.272728]
ERROR_RATE_MWD: [66.66667]
ERROR_RATE_MODIFIED_MWD_SHORTEST: [33.333336]
ERROR_RATE_MODIFIED_MWD_BACKSPACE: [66.66667]
TOTAL_ERROR_RATE: [25.0, 0.0, 55.555557, 0.0, 0.0, 50.0, 0.0, 37.5, 25.0, 0.0, 25.0, 33.333336, 76.47059, 16.666668, 37.5]
TOTAL_ERROR_RATE_MODIFIED_SHORTEST: [25.0, 0.0, 55.555557, 0.0, 0.0, 50.0, 0.0, 37.5, 25.0, 0.0, 25.0, 33.333336, 76.47059, 16.666668, 37.5]
TOTAL_ERROR_RATE_MODIFIED_BACKSPACE: [20.0, 0.0, 35.714287, 0.0, 0.0, 33.333336, 0.0, 27.272728, 20.0, 0.0, 20.0, 25.0, 43.333332, 14.285715, 27.272728]
FRECHET_DISTANCE_TOUCH_ONLY: [626.767, 217.1799, 388.54315, 180.56973, 181.50133, 718.12537, 236.92712, 292.3097, 398.4946, 142.44917, 395.78363, 300.70135, 688.8777, 676.1409, 390.8988]
FRECHET_DISTANCE_TOUCH_ONLY_MODIFIED_SHORTEST: [144.51236, 217.1799, 388.54315, 180.56973, 181.50133, 328.34198, 236.92712, 292.3097, 97.29895, 142.44917, 395.78363, 300.70135, 521.7977, 293.9011, 390.8988]
FRECHET_DISTANCE_TOUCH_ONLY_MODIFIED_BACKSPACE: [144.51236, 217.1799, 254.00513, 180.56973, 181.50133, 256.88058, 236.92712, 292.3097, 97.29895, 142.44917, 340.14575, 305.71436, 408.80777, 293.9011, 306.4553]
KEYBOARD_TYPE: leapAirBimodal
PRACTICE_WORDS_PER_INPUT: 10
WORD_ORDER: [failed, halls, sites, sit, dire, run, dales, hopped, wicker, fine, fir, pans, tale, shied, sinned]
NUMBER_OF_TIMES_PLANE_BREACHED: [5, 1, 1, 1, 1, 1, 1, 1, 8, 1, 1, 1, 1, 1, 1]
DISTANCE_TRAVELED_TOUCH_ONLY: [1898.4658, 1407.681, 970.2704, 722.72046, 869.7107, 382.14017, 1341.7015, 907.7352, 2623.7876, 768.91473, 632.56146, 1371.8987, 1225.962, 875.99194, 1120.3268]
DISTANCE_TRAVELED_TOUCH_ONLY_SHORTEST: [1792.1206, 1407.681, 970.2704, 722.72046, 869.7107, 382.14017, 1341.7015, 907.7352, 2458.4373, 768.91473, 632.56146, 1371.8987, 1225.962, 875.99194, 1120.3268]
TIME_DURATION_TOUCH_ONLY: [4.49247, 2.5097775, 2.4155507, 1.4230163, 1.7494276, 1.2505004, 2.5311546, 2.2305384, 4.0818624, 2.4459608, 1.3029922, 2.771833, 2.527651, 2.2127018, 2.9977322]
TIME_DURATION_TOUCH_ONLY_SHORTEST: [3.8502653, 2.5097775, 2.4155507, 1.4230163, 1.7494276, 1.2505004, 2.5311546, 2.2305384, 3.4268496, 2.4459608, 1.3029922, 2.771833, 2.527651, 2.2127018, 2.9977322]
AVERAGE_PIXEL_VELOCITY: [425.32422, 562.8438, 401.51965, 510.1597, 496.80875, 305.5063, 532.9371, 409.3082, 540.9099, 313.68356, 480.19437, 492.72314, 483.7386, 398.04672, 373.25934]
REACTION_TIME_FIRST_PRESSED: [1.856697, 1.6672124, 1.3004065, 1.4338288, 1.4505339, 1.2503777, 0.9502781, 1.2004617, 7.1529913, 2.9511173, 1.3833878, 2.184154, 1.2837324, 1.7339303, 1.0336262]
REACTION_TIME_FIRST_TOUCH: [1.856697, 1.6672124, 1.3004065, 1.4338288, 1.4505339, 1.2503777, 0.9502781, 1.2004617, 2.2341797, 2.9511173, 1.3833878, 2.184154, 1.2837324, 1.7339303, 1.0336262]
AVERAGE_REACTION_TIME_TO_ERRORS: [2.0507946, 0.0, 0.0, 0.0, 0.0, 0.0, 0.0, 0.0, 2.1258583, 0.0, 0.0, 0.0, 0.0, 0.0, 0.0]
TEXT_ENTRY_RATE_WPM: [13.355682, 19.125202, 19.871244, 16.865583, 20.57816, 19.192318, 18.963676, 26.899336, 14.699172, 14.7181425, 18.419142, 12.987796, 14.242473, 21.692938, 20.015131]
TEXT_ENTRY_RATE_MODIFIED_WPM_SHORTEST: [15.583343, 19.125202, 19.871244, 16.865583, 20.57816, 19.192318, 18.963676, 26.899336, 17.508793, 14.7181425, 18.419142, 12.987796, 14.242473, 21.692938, 20.015131]
TEXT_ENTRY_RATE_MODIFIED_WPM_VULTURE: [11.340072, 14.36441, 16.146582, 12.601313, 15.00018, 14.394943, 17.234285, 20.985136, 6.408629, 8.893702, 13.400934, 9.685256, 12.593852, 15.202835, 17.859985]
TEXT_ENTRY_RATE_MODIFIED_WPM_SHORTEST_VULTURE: [12.61617, 14.36441, 16.146582, 12.601313, 15.00018, 14.394943, 17.234285, 20.985136, 6.8053956, 8.893702, 13.400934, 9.685256, 12.593852, 15.202835, 17.859985]
ERROR_RATE_KSPC: [2.0, 1.0, 1.0, 1.0, 1.0, 1.0, 1.0, 1.0, 2.6666667, 1.0, 1.0, 1.0, 1.0, 1.0, 1.0]
ERROR_RATE_MODIFIED_KSPC_SHORTEST: [1.0, 1.0, 1.0, 1.0, 1.0, 1.0, 1.0, 1.0, 1.4444444, 1.0, 1.0, 1.0, 1.0, 1.0, 1.0]
ERROR_RATE_MODIFIED_MSD_SHORTEST: [33.333336, 0.0, 0.0, 0.0, 0.0, 0.0, 0.0, 0.0, 33.333336, 0.0, 0.0, 0.0, 0.0, 0.0, 0.0]
ERROR_RATE_MODIFIED_MSD_BACKSPACE: [25.0, 0.0, 0.0, 0.0, 0.0, 0.0, 0.0, 0.0, 31.25, 0.0, 0.0, 0.0, 0.0, 0.0, 0.0]
ERROR_RATE_MWD: [13.333334]
ERROR_RATE_MODIFIED_MWD_SHORTEST: [13.333334]
ERROR_RATE_MODIFIED_MWD_BACKSPACE: [13.333334]
TOTAL_ERROR_RATE: [33.333336, 0.0, 0.0, 0.0, 0.0, 0.0, 0.0, 0.0, 45.454548, 0.0, 0.0, 0.0, 0.0, 0.0, 0.0]
TOTAL_ERROR_RATE_MODIFIED_SHORTEST: [33.333336, 0.0, 0.0, 0.0, 0.0, 0.0, 0.0, 0.0, 45.454548, 0.0, 0.0, 0.0, 0.0, 0.0, 0.0]
TOTAL_ERROR_RATE_MODIFIED_BACKSPACE: [25.0, 0.0, 0.0, 0.0, 0.0, 0.0, 0.0, 0.0, 31.25, 0.0, 0.0, 0.0, 0.0, 0.0, 0.0]
FRECHET_DISTANCE_TOUCH_ONLY: [376.2771, 294.6407, 204.03964, 200.59412, 166.72748, 110.07684, 290.0509, 254.4002, 409.3578, 177.89957, 147.22331, 311.9093, 286.45947, 178.76045, 202.57024]
FRECHET_DISTANCE_TOUCH_ONLY_MODIFIED_SHORTEST: [241.75278, 294.6407, 204.03964, 200.59412, 166.72748, 110.07684, 290.0509, 254.4002, 349.78616, 177.89957, 147.22331, 311.9093, 286.45947, 178.76045, 202.57024]
FRECHET_DISTANCE_TOUCH_ONLY_MODIFIED_BACKSPACE: [241.75278, 294.6407, 204.03964, 200.59412, 166.72748, 110.07684, 290.0509, 254.4002, 347.34375, 177.89957, 147.22331, 311.9093, 286.45947, 178.76045, 202.57024]
