KEYBOARD_TYPE: tablet
PRACTICE_WORDS_PER_INPUT: 2
WORD_ORDER: [mans, sires, sicker, core, find, sue, shier, dipped, hailed, bale, falls, tin, dubbed, tales, coy]
NUMBER_OF_TIMES_PLANE_BREACHED: [1, 1, 6, 1, 1, 1, 5, 6, 1, 1, 1, 2, 2, 1, 1]
DISTANCE_TRAVELED_TOUCH_ONLY: [34.87946, 22.494741, 45.95728, 22.658363, 20.56202, 17.34851, 21.53233, 27.588911, 43.265244, 38.70323, 35.555798, 6.4004445, 20.792248, 37.78674, 14.816167]
DISTANCE_TRAVELED_TOUCH_ONLY_SHORTEST: [34.87946, 22.494741, 45.95728, 22.658363, 20.56202, 17.34851, 21.53233, 24.052307, 43.265244, 38.70323, 35.555798, 6.4004445, 20.792248, 37.78674, 14.816167]
TIME_DURATION_TOUCH_ONLY: [1.5837023, 1.9652936, 4.4216375, 1.9794892, 1.5543545, 1.0815594, 3.1630006, 3.1428547, 3.0151076, 1.8303428, 2.1706333, 0.9217951, 1.9878769, 2.1058867, 1.0733986]
TIME_DURATION_TOUCH_ONLY_SHORTEST: [1.5837023, 1.9652936, 4.4216375, 1.9794892, 1.5543545, 1.0815594, 3.1630006, 2.04452, 3.0151076, 1.8303428, 2.1706333, 0.9217951, 1.9878769, 2.1058867, 1.0733986]
AVERAGE_PIXEL_VELOCITY: [21.900333, 11.4988, 10.459149, 11.351277, 13.161639, 16.146791, 6.8352966, 8.803376, 14.378109, 21.246986, 16.293152, 7.0949564, 10.449345, 17.862593, 13.83272]
REACTION_TIME_FIRST_PRESSED: [1.1103503, 4.2688217, 0.9695558, 1.6330218, 0.8844821, 0.9865128, 1.0035036, 1.242357, 1.173656, 1.0888783, 1.0384625, 1.1566874, 1.1230677, 1.0036142, 1.020556]
REACTION_TIME_FIRST_TOUCH: [1.1103503, 4.2688217, 0.9695558, 1.6330218, 0.8844821, 0.9865128, 1.0035036, 1.242357, 1.173656, 1.0888783, 1.0384625, 1.1566874, 1.1230677, 1.0036142, 1.020556]
AVERAGE_REACTION_TIME_TO_ERRORS: [0.0, 0.0, 1.5820187, 0.0, 0.0, 0.0, 1.3948272, 1.7861861, 0.0, 0.0, 0.0, 0.0, 0.0, 0.0, 0.0]
TEXT_ENTRY_RATE_WPM: [22.731544, 24.423832, 13.5696335, 18.18651, 23.16074, 22.190182, 15.175464, 19.090925, 19.899786, 19.668447, 22.113361, 26.036154, 30.182957, 22.79325, 22.358889]
TEXT_ENTRY_RATE_MODIFIED_WPM_SHORTEST: [22.731544, 24.423832, 13.5696335, 18.18651, 23.16074, 22.190182, 15.175464, 29.346745, 19.899786, 19.668447, 22.113361, 26.036154, 30.182957, 22.79325, 22.358889]
TEXT_ENTRY_RATE_MODIFIED_WPM_VULTURE: [30.30873, 30.52979, 16.28356, 24.24868, 30.880987, 33.285275, 18.969328, 22.90911, 23.879744, 26.224598, 27.641703, 39.05423, 36.219547, 28.49156, 33.538334]
TEXT_ENTRY_RATE_MODIFIED_WPM_SHORTEST_VULTURE: [30.30873, 30.52979, 16.28356, 24.24868, 30.880987, 33.285275, 18.969328, 35.21609, 23.879744, 26.224598, 27.641703, 39.05423, 36.219547, 28.49156, 33.538334]
ERROR_RATE_KSPC: [1.0, 1.0, 2.0, 1.0, 1.0, 1.0, 1.8, 2.3333333, 1.0, 1.0, 1.0, 1.0, 1.0, 1.0, 1.0]
ERROR_RATE_MODIFIED_KSPC_SHORTEST: [1.0, 1.0, 2.0, 1.0, 1.0, 1.0, 1.8, 1.0, 1.0, 1.0, 1.0, 1.0, 1.0, 1.0, 1.0]
ERROR_RATE_MODIFIED_MSD_SHORTEST: [0.0, 0.0, 0.0, 0.0, 0.0, 0.0, 0.0, 40.0, 0.0, 0.0, 0.0, 0.0, 0.0, 0.0, 0.0]
ERROR_RATE_MODIFIED_MSD_BACKSPACE: [0.0, 0.0, 25.0, 0.0, 0.0, 0.0, 22.222223, 28.57143, 0.0, 0.0, 0.0, 0.0, 0.0, 0.0, 0.0]
TOTAL_ERROR_RATE: [0.0, 0.0, 33.333336, 0.0, 0.0, 0.0, 28.57143, 40.0, 0.0, 0.0, 0.0, 0.0, 0.0, 0.0, 0.0]
TOTAL_ERROR_RATE_MODIFIED_SHORTEST: [0.0, 0.0, 33.333336, 0.0, 0.0, 0.0, 28.57143, 40.0, 0.0, 0.0, 0.0, 0.0, 0.0, 0.0, 0.0]
TOTAL_ERROR_RATE_MODIFIED_BACKSPACE: [0.0, 0.0, 25.0, 0.0, 0.0, 0.0, 22.222223, 28.57143, 0.0, 0.0, 0.0, 0.0, 0.0, 0.0, 0.0]
FRECHET_DISTANCE_TOUCH_ONLY: [249.72986, 196.62146, 312.853, 175.37674, 142.6359, 164.40195, 333.7664, 360.31238, 233.45235, 290.17236, 259.32605, 109.457756, 149.51254, 287.39172, 175.68437]
FRECHET_DISTANCE_TOUCH_ONLY_MODIFIED_SHORTEST: [249.72986, 196.62146, 312.853, 175.37674, 142.6359, 164.40195, 333.7664, 257.43738, 233.45235, 290.17236, 259.32605, 109.457756, 149.51254, 287.39172, 175.68437]
FRECHET_DISTANCE_TOUCH_ONLY_MODIFIED_BACKSPACE: [249.72986, 196.62146, 299.44617, 175.37674, 142.6359, 164.40195, 182.21416, 257.43738, 233.45235, 290.17236, 259.32605, 109.457756, 149.51254, 287.39172, 175.68437]
KEYBOARD_TYPE: leapSurface
PRACTICE_WORDS_PER_INPUT: 5
WORD_ORDER: [fire, rubbed, tub, docket, mailed, galls, hot, dot, shies, ripped, owns, fores, rubs, bales, vale]
NUMBER_OF_TIMES_PLANE_BREACHED: [1, 1, 1, 1, 3, 1, 1, 1, 1, 1, 1, 1, 1, 1, 1]
DISTANCE_TRAVELED_TOUCH_ONLY: [20.07109, 24.967407, 11.652138, 48.75529, 112.35299, 42.310966, 16.308224, 23.316513, 27.126244, 30.786901, 38.897823, 26.504335, 20.542458, 44.960663, 41.657475]
DISTANCE_TRAVELED_TOUCH_ONLY_SHORTEST: [20.07109, 24.967407, 11.652138, 48.75529, 112.35299, 42.310966, 16.308224, 23.316513, 27.126244, 30.786901, 38.897823, 26.504335, 20.542458, 44.960663, 41.657475]
TIME_DURATION_TOUCH_ONLY: [1.9444019, 2.3730166, 1.0946991, 2.9860303, 3.5887413, 2.2151675, 1.2077029, 1.3962818, 1.9100679, 2.2385495, 2.0044396, 1.6555442, 1.4461846, 2.118318, 2.3572154]
TIME_DURATION_TOUCH_ONLY_SHORTEST: [1.9444019, 2.3730166, 1.0946991, 2.9860303, 3.5887413, 2.2151675, 1.2077029, 1.3962818, 1.9100679, 2.2385495, 2.0044396, 1.6555442, 1.4461846, 2.118318, 2.3572154]
AVERAGE_PIXEL_VELOCITY: [10.289866, 10.54642, 10.756, 16.336933, 14.744577, 19.249304, 13.401288, 16.649399, 14.272925, 13.677938, 19.4407, 16.060366, 14.327741, 21.234566, 17.595766]
REACTION_TIME_FIRST_PRESSED: [1.1621127, 1.2169977, 0.9502511, 1.0003242, 7.4697733, 1.0503502, 0.9002208, 1.1003455, 1.0503204, 0.9836241, 0.9836207, 1.0002549, 0.95027614, 0.8669024, 0.933535]
REACTION_TIME_FIRST_TOUCH: [1.1621127, 1.2169977, 0.9502511, 1.0003242, 0.8835966, 1.0503502, 0.9002208, 1.1003455, 1.0503204, 0.9836241, 0.9836207, 1.0002549, 0.95027614, 0.8669024, 0.933535]
AVERAGE_REACTION_TIME_TO_ERRORS: [0.0, 0.0, 0.0, 0.0, 4.6686263, 0.0, 0.0, 0.0, 0.0, 0.0, 0.0, 0.0, 0.0, 0.0, 0.0]
TEXT_ENTRY_RATE_WPM: [18.514692, 25.284273, 21.923832, 20.093567, 16.718954, 21.66879, 19.872438, 17.188507, 25.129995, 26.80307, 17.960133, 28.99349, 24.893087, 22.659487, 15.272258]
TEXT_ENTRY_RATE_MODIFIED_WPM_SHORTEST: [18.514692, 25.284273, 21.923832, 20.093567, 16.718954, 21.66879, 19.872438, 17.188507, 25.129995, 26.80307, 17.960133, 28.99349, 24.893087, 22.659487, 15.272258]
TEXT_ENTRY_RATE_MODIFIED_WPM_VULTURE: [24.686255, 30.34113, 32.88575, 24.11228, 7.076224, 27.085989, 29.808659, 25.78276, 31.412497, 32.16369, 23.946842, 36.24186, 33.19078, 28.32436, 20.36301]
TEXT_ENTRY_RATE_MODIFIED_WPM_SHORTEST_VULTURE: [24.686255, 30.34113, 32.88575, 24.11228, 7.076224, 27.085989, 29.808659, 25.78276, 31.412497, 32.16369, 23.946842, 36.24186, 33.19078, 28.32436, 20.36301]
ERROR_RATE_KSPC: [1.0, 1.0, 1.0, 1.0, 3.0, 1.0, 1.0, 1.0, 1.0, 1.0, 1.0, 1.0, 1.0, 1.0, 1.0]
ERROR_RATE_MODIFIED_KSPC_SHORTEST: [1.0, 1.0, 1.0, 1.0, 3.0, 1.0, 1.0, 1.0, 1.0, 1.0, 1.0, 1.0, 1.0, 1.0, 1.0]
ERROR_RATE_MODIFIED_MSD_SHORTEST: [0.0, 0.0, 0.0, 0.0, 0.0, 0.0, 0.0, 0.0, 0.0, 0.0, 0.0, 0.0, 0.0, 0.0, 0.0]
ERROR_RATE_MODIFIED_MSD_BACKSPACE: [0.0, 0.0, 0.0, 0.0, 33.333336, 0.0, 0.0, 0.0, 0.0, 0.0, 0.0, 0.0, 0.0, 0.0, 0.0]
TOTAL_ERROR_RATE: [0.0, 0.0, 0.0, 0.0, 50.0, 0.0, 0.0, 0.0, 0.0, 0.0, 0.0, 0.0, 0.0, 0.0, 0.0]
TOTAL_ERROR_RATE_MODIFIED_SHORTEST: [0.0, 0.0, 0.0, 0.0, 50.0, 0.0, 0.0, 0.0, 0.0, 0.0, 0.0, 0.0, 0.0, 0.0, 0.0]
TOTAL_ERROR_RATE_MODIFIED_BACKSPACE: [0.0, 0.0, 0.0, 0.0, 33.333336, 0.0, 0.0, 0.0, 0.0, 0.0, 0.0, 0.0, 0.0, 0.0, 0.0]
FRECHET_DISTANCE_TOUCH_ONLY: [143.47856, 144.32867, 75.80557, 204.45619, 455.66055, 295.98996, 143.0619, 199.64738, 186.0182, 257.33414, 257.8519, 183.50517, 146.64012, 284.75342, 289.41815]
FRECHET_DISTANCE_TOUCH_ONLY_MODIFIED_SHORTEST: [143.47856, 144.32867, 75.80557, 204.45619, 455.66055, 295.98996, 143.0619, 199.64738, 186.0182, 257.33414, 257.8519, 183.50517, 146.64012, 284.75342, 289.41815]
FRECHET_DISTANCE_TOUCH_ONLY_MODIFIED_BACKSPACE: [143.47856, 144.32867, 75.80557, 204.45619, 455.66055, 295.98996, 143.0619, 199.64738, 186.0182, 257.33414, 257.8519, 183.50517, 146.64012, 284.75342, 289.41815]
KEYBOARD_TYPE: leapAirStatic
PRACTICE_WORDS_PER_INPUT: 7
WORD_ORDER: [lane, sir, sores, rind, hales, got, sire, rub, bailed, yipped, subbed, balls, gape, socket, shirt]
NUMBER_OF_TIMES_PLANE_BREACHED: [1, 5, 3, 1, 1, 1, 1, 1, 4, 1, 1, 1, 5, 3, 1]
DISTANCE_TRAVELED_TOUCH_ONLY: [42.449524, 33.706142, 30.157082, 25.47391, 41.17103, 16.23214, 20.984547, 9.98811, 59.06797, 25.973795, 22.25281, 42.283264, 50.126514, 69.60719, 24.720839]
DISTANCE_TRAVELED_TOUCH_ONLY_SHORTEST: [42.449524, 28.848883, 30.157082, 25.47391, 41.17103, 16.23214, 20.984547, 9.98811, 59.06797, 25.973795, 22.25281, 42.283264, 50.126514, 69.60719, 24.720839]
TIME_DURATION_TOUCH_ONLY: [5.3611197, 5.109106, 4.5543237, 4.8892336, 4.4086847, 2.2481704, 2.314744, 2.335679, 6.226265, 3.3968472, 3.303646, 3.3299232, 3.948733, 6.7495065, 3.118557]
TIME_DURATION_TOUCH_ONLY_SHORTEST: [5.3611197, 3.602127, 4.5543237, 4.8892336, 4.4086847, 2.2481704, 2.314744, 2.335679, 6.226265, 3.3968472, 3.303646, 3.3299232, 3.948733, 6.7495065, 3.118557]
AVERAGE_PIXEL_VELOCITY: [7.9320855, 6.584864, 6.6242857, 5.194545, 9.352097, 7.2116165, 9.053322, 4.278325, 9.548169, 7.6713724, 6.70598, 12.680781, 12.692175, 10.360052, 7.9284883]
REACTION_TIME_FIRST_PRESSED: [3.0461254, 2.5676372, 2.2008276, 17.557507, 2.1174004, 2.4009533, 2.2175183, 2.7177336, 4.335113, 3.1011846, 2.65105, 4.5351787, 1.8673931, 3.3346004, 3.4013748]
REACTION_TIME_FIRST_TOUCH: [3.0461254, 2.5676372, 2.2008276, 17.557507, 2.1174004, 2.4009533, 2.2175183, 2.7177336, 4.335113, 3.1011846, 2.65105, 4.5351787, 1.8673931, 3.3346004, 3.4013748]
AVERAGE_REACTION_TIME_TO_ERRORS: [0.0, 2.0175169, 1.6006755, 0.0, 0.0, 0.0, 0.0, 0.0, 2.267593, 0.0, 0.0, 0.0, 1.1671387, 1.1504223, 0.0]
TEXT_ENTRY_RATE_WPM: [6.7150154, 4.697495, 10.539435, 7.363117, 10.887601, 10.675348, 15.552477, 10.275385, 9.636596, 17.663439, 18.161753, 14.414748, 9.116849, 8.889539, 15.391734]
TEXT_ENTRY_RATE_MODIFIED_WPM_SHORTEST: [6.7150154, 6.6627307, 10.539435, 7.363117, 10.887601, 10.675348, 15.552477, 10.275385, 9.636596, 17.663439, 18.161753, 14.414748, 9.116849, 8.889539, 15.391734]
TEXT_ENTRY_RATE_MODIFIED_WPM_VULTURE: [8.953353, 7.0462427, 13.1742935, 9.81749, 13.609502, 16.013021, 20.736635, 15.413075, 11.563915, 21.196127, 21.794104, 18.018435, 12.155797, 10.667446, 19.239668]
TEXT_ENTRY_RATE_MODIFIED_WPM_SHORTEST_VULTURE: [8.953353, 9.994095, 13.1742935, 9.81749, 13.609502, 16.013021, 20.736635, 15.413075, 11.563915, 21.196127, 21.794104, 18.018435, 12.155797, 10.667446, 19.239668]
ERROR_RATE_KSPC: [1.0, 3.6666667, 1.4, 1.0, 1.0, 1.0, 1.0, 1.0, 2.0, 1.0, 1.0, 1.0, 2.5, 2.0, 1.0]
ERROR_RATE_MODIFIED_KSPC_SHORTEST: [1.0, 1.0, 1.4, 1.0, 1.0, 1.0, 1.0, 1.0, 2.0, 1.0, 1.0, 1.0, 2.5, 2.0, 1.0]
ERROR_RATE_MODIFIED_MSD_SHORTEST: [0.0, 57.14286, 0.0, 0.0, 0.0, 0.0, 0.0, 0.0, 0.0, 0.0, 0.0, 0.0, 0.0, 0.0, 0.0]
ERROR_RATE_MODIFIED_MSD_BACKSPACE: [0.0, 36.363636, 14.285715, 0.0, 0.0, 0.0, 0.0, 0.0, 25.0, 0.0, 0.0, 0.0, 30.000002, 25.0, 0.0]
TOTAL_ERROR_RATE: [0.0, 57.14286, 16.666668, 0.0, 0.0, 0.0, 0.0, 0.0, 33.333336, 0.0, 0.0, 0.0, 42.857143, 33.333336, 0.0]
TOTAL_ERROR_RATE_MODIFIED_SHORTEST: [0.0, 57.14286, 16.666668, 0.0, 0.0, 0.0, 0.0, 0.0, 33.333336, 0.0, 0.0, 0.0, 42.857143, 33.333336, 0.0]
TOTAL_ERROR_RATE_MODIFIED_BACKSPACE: [0.0, 36.363636, 14.285715, 0.0, 0.0, 0.0, 0.0, 0.0, 25.0, 0.0, 0.0, 0.0, 30.000002, 25.0, 0.0]
FRECHET_DISTANCE_TOUCH_ONLY: [297.78995, 373.95184, 266.26456, 153.92255, 295.15186, 150.4589, 202.095, 108.00929, 485.19574, 256.67142, 168.02051, 291.71017, 323.57413, 333.18243, 144.6318]
FRECHET_DISTANCE_TOUCH_ONLY_MODIFIED_SHORTEST: [297.78995, 386.0842, 266.26456, 153.92255, 295.15186, 150.4589, 202.095, 108.00929, 485.19574, 256.67142, 168.02051, 291.71017, 323.57413, 333.18243, 144.6318]
FRECHET_DISTANCE_TOUCH_ONLY_MODIFIED_BACKSPACE: [297.78995, 311.9301, 233.02112, 153.92255, 295.15186, 150.4589, 202.095, 108.00929, 404.9136, 256.67142, 168.02051, 291.71017, 360.59848, 309.2576, 144.6318]
KEYBOARD_TYPE: leapAirPinch
PRACTICE_WORDS_PER_INPUT: 6
WORD_ORDER: [games, mane, rim, gale, finned, jailed, gamma, sure, soy, tipped, fins, rocket, fit, shift, cores]
NUMBER_OF_TIMES_PLANE_BREACHED: [1, 1, 1, 1, 1, 1, 1, 1, 1, 1, 1, 1, 1, 1, 1]
DISTANCE_TRAVELED_TOUCH_ONLY: [51.398136, 45.60403, 22.891315, 45.35374, 35.942036, 57.69201, 45.72863, 25.944736, 35.65981, 37.315266, 31.907095, 56.809216, 29.489178, 28.832642, 35.93652]
DISTANCE_TRAVELED_TOUCH_ONLY_SHORTEST: [51.398136, 45.60403, 22.891315, 45.35374, 35.942036, 57.69201, 45.72863, 25.944736, 35.65981, 37.315266, 31.907095, 56.809216, 29.489178, 28.832642, 35.93652]
TIME_DURATION_TOUCH_ONLY: [4.8735056, 4.0718904, 2.363246, 3.8446386, 3.934486, 4.5704594, 3.1974237, 2.2740486, 2.9486701, 3.0777416, 2.9442065, 4.405053, 2.037735, 3.3690603, 2.7938168]
TIME_DURATION_TOUCH_ONLY_SHORTEST: [4.8735056, 4.0718904, 2.363246, 3.8446386, 3.934486, 4.5704594, 3.1974237, 2.2740486, 2.9486701, 3.0777416, 2.9442065, 4.405053, 2.037735, 3.3690603, 2.7938168]
AVERAGE_PIXEL_VELOCITY: [10.554843, 11.207885, 9.736802, 11.773471, 9.135115, 12.631093, 14.284745, 11.3585205, 12.156898, 12.09585, 10.861512, 12.88087, 14.498509, 8.557521, 12.829964]
REACTION_TIME_FIRST_PRESSED: [1.6432812, 1.8173199, 1.7839193, 1.3171046, 1.467145, 1.567189, 1.3004516, 1.4171449, 1.0836622, 1.450548, 1.4004883, 1.4171008, 1.3171006, 1.6505789, 1.4671868]
REACTION_TIME_FIRST_TOUCH: [1.6432812, 1.8173199, 1.7839193, 1.3171046, 1.467145, 1.567189, 1.3004516, 1.4171449, 1.0836622, 1.450548, 1.4004883, 1.4171008, 1.3171006, 1.6505789, 1.4671868]
AVERAGE_REACTION_TIME_TO_ERRORS: [0.0, 0.0, 0.0, 0.0, 0.0, 0.0, 0.0, 0.0, 0.0, 0.0, 0.0, 0.0, 0.0, 0.0, 0.0]
TEXT_ENTRY_RATE_WPM: [9.849174, 8.841103, 10.155524, 9.363688, 15.249768, 13.127784, 15.012087, 15.830797, 8.139262, 19.494816, 12.227403, 13.620722, 11.777783, 14.247296, 17.1808]
TEXT_ENTRY_RATE_MODIFIED_WPM_SHORTEST: [9.849174, 8.841103, 10.155524, 9.363688, 15.249768, 13.127784, 15.012087, 15.830797, 8.139262, 19.494816, 12.227403, 13.620722, 11.777783, 14.247296, 17.1808]
TEXT_ENTRY_RATE_MODIFIED_WPM_VULTURE: [12.311467, 11.788137, 15.233286, 12.48492, 18.299723, 15.753341, 18.765108, 21.107729, 12.208894, 23.393776, 16.303205, 16.344866, 17.666674, 17.80912, 21.475996]
TEXT_ENTRY_RATE_MODIFIED_WPM_SHORTEST_VULTURE: [12.311467, 11.788137, 15.233286, 12.48492, 18.299723, 15.753341, 18.765108, 21.107729, 12.208894, 23.393776, 16.303205, 16.344866, 17.666674, 17.80912, 21.475996]
ERROR_RATE_KSPC: [1.0, 1.0, 1.0, 1.0, 1.0, 1.0, 1.0, 1.0, 1.0, 1.0, 1.0, 1.0, 1.0, 1.0, 1.0]
ERROR_RATE_MODIFIED_KSPC_SHORTEST: [1.0, 1.0, 1.0, 1.0, 1.0, 1.0, 1.0, 1.0, 1.0, 1.0, 1.0, 1.0, 1.0, 1.0, 1.0]
ERROR_RATE_MODIFIED_MSD_SHORTEST: [0.0, 0.0, 0.0, 0.0, 0.0, 0.0, 0.0, 0.0, 0.0, 0.0, 0.0, 0.0, 0.0, 0.0, 0.0]
ERROR_RATE_MODIFIED_MSD_BACKSPACE: [0.0, 0.0, 0.0, 0.0, 0.0, 0.0, 0.0, 0.0, 0.0, 0.0, 0.0, 0.0, 0.0, 0.0, 0.0]
TOTAL_ERROR_RATE: [0.0, 0.0, 0.0, 0.0, 0.0, 0.0, 0.0, 0.0, 0.0, 0.0, 0.0, 0.0, 0.0, 0.0, 0.0]
TOTAL_ERROR_RATE_MODIFIED_SHORTEST: [0.0, 0.0, 0.0, 0.0, 0.0, 0.0, 0.0, 0.0, 0.0, 0.0, 0.0, 0.0, 0.0, 0.0, 0.0]
TOTAL_ERROR_RATE_MODIFIED_BACKSPACE: [0.0, 0.0, 0.0, 0.0, 0.0, 0.0, 0.0, 0.0, 0.0, 0.0, 0.0, 0.0, 0.0, 0.0, 0.0]
FRECHET_DISTANCE_TOUCH_ONLY: [434.67264, 436.78003, 434.7099, 435.36865, 435.64392, 435.853, 435.6164, 434.75397, 435.10004, 435.22522, 434.7524, 435.35925, 434.89227, 435.1324, 435.24722]
FRECHET_DISTANCE_TOUCH_ONLY_MODIFIED_SHORTEST: [434.67264, 436.78003, 434.7099, 435.36865, 435.64392, 435.853, 435.6164, 434.75397, 435.10004, 435.22522, 434.7524, 435.35925, 434.89227, 435.1324, 435.24722]
FRECHET_DISTANCE_TOUCH_ONLY_MODIFIED_BACKSPACE: [434.67264, 436.78003, 434.7099, 435.36865, 435.64392, 435.853, 435.6164, 434.75397, 435.10004, 435.22522, 434.7524, 435.35925, 434.89227, 435.1324, 435.24722]
KEYBOARD_TYPE: leapAirDynamic
PRACTICE_WORDS_PER_INPUT: 3
WORD_ORDER: [calls, fore, gales, fires, topped, tinned, rocker, shire, pens, gin, zit, due, hale, nailed, fibs]
NUMBER_OF_TIMES_PLANE_BREACHED: [5, 1, 1, 1, 3, 9, 7, 1, 5, 2, 1, 1, 5, 1, 1]
DISTANCE_TRAVELED_TOUCH_ONLY: [52.10871, 26.165783, 44.974533, 23.486109, 64.40046, 108.90322, 72.973206, 23.314463, 48.447075, 16.300383, 19.10114, 17.837908, 53.716328, 46.468006, 26.480927]
DISTANCE_TRAVELED_TOUCH_ONLY_SHORTEST: [52.10871, 26.165783, 44.974533, 23.486109, 64.40046, 108.90322, 72.973206, 23.314463, 48.447075, 12.681057, 19.10114, 17.837908, 53.716328, 46.468006, 26.480927]
TIME_DURATION_TOUCH_ONLY: [5.129997, 2.913546, 4.1644273, 2.9374855, 3.9293218, 3.7627158, 8.445944, 3.0053327, 5.8959494, 2.490171, 2.3255503, 1.8508892, 4.378994, 4.6087875, 3.1488247]
TIME_DURATION_TOUCH_ONLY_SHORTEST: [5.129997, 2.913546, 4.1644273, 2.9374855, 3.9293218, 3.7627158, 8.445944, 3.0053327, 5.8959494, 2.0165095, 2.3255503, 1.8508892, 4.378994, 4.6087875, 3.1488247]
AVERAGE_PIXEL_VELOCITY: [10.179637, 9.019262, 10.832311, 8.003619, 9.53673, 8.561143, 8.650407, 7.770028, 8.16193, 6.6064816, 8.240683, 9.634736, 12.343745, 10.097394, 8.401845]
REACTION_TIME_FIRST_PRESSED: [2.9121253, 2.6344085, 2.8177571, 2.1508152, 6.1192064, 20.42537, 1.8006257, 2.300895, 1.9507147, 1.2837415, 6.7528486, 3.7681804, 1.6172553, 3.084528, 2.7010186]
REACTION_TIME_FIRST_TOUCH: [2.9121253, 2.6344085, 2.8177571, 2.1508152, 0.016536325, 1.083647, 1.8006257, 2.300895, 1.9507147, 1.2837415, 6.7528486, 3.7681804, 1.6172553, 3.084528, 2.7010186]
AVERAGE_REACTION_TIME_TO_ERRORS: [1.7590433, 0.0, 0.0, 0.0, 1.3339552, 1.5298021, 1.0226566, 0.0, 1.2838421, 1.8340497, 0.0, 0.0, 1.2254956, 0.0, 0.0]
TEXT_ENTRY_RATE_WPM: [9.35673, 12.356078, 11.526195, 16.340506, 15.269811, 15.94593, 7.1040015, 15.97161, 6.1058874, 9.637893, 10.320139, 12.966741, 8.221066, 13.018608, 11.4328375]
TEXT_ENTRY_RATE_MODIFIED_WPM_SHORTEST: [9.35673, 12.356078, 11.526195, 16.340506, 15.269811, 15.94593, 7.1040015, 15.97161, 6.1058874, 11.901754, 10.320139, 12.966741, 8.221066, 13.018608, 11.4328375]
TEXT_ENTRY_RATE_MODIFIED_WPM_VULTURE: [11.695914, 16.47477, 14.407744, 20.425632, 7.1770396, 3.1162841, 8.524802, 19.964512, 8.141183, 14.45684, 15.4802065, 19.450111, 10.961421, 15.62233, 15.243784]
TEXT_ENTRY_RATE_MODIFIED_WPM_SHORTEST_VULTURE: [11.695914, 16.47477, 14.407744, 20.425632, 7.1770396, 3.1162841, 8.524802, 19.964512, 8.141183, 17.85263, 15.4802065, 19.450111, 10.961421, 15.62233, 15.243784]
ERROR_RATE_KSPC: [2.2, 1.0, 1.0, 1.0, 2.0, 5.0, 2.6666667, 1.0, 3.0, 1.6666666, 1.0, 1.0, 2.0, 1.0, 1.0]
ERROR_RATE_MODIFIED_KSPC_SHORTEST: [2.2, 1.0, 1.0, 1.0, 2.0, 5.0, 2.6666667, 1.0, 3.0, 1.0, 1.0, 1.0, 2.0, 1.0, 1.0]
ERROR_RATE_MODIFIED_MSD_SHORTEST: [0.0, 0.0, 0.0, 0.0, 0.0, 0.0, 0.0, 0.0, 0.0, 25.0, 0.0, 0.0, 0.0, 0.0, 0.0]
ERROR_RATE_MODIFIED_MSD_BACKSPACE: [27.272728, 0.0, 0.0, 0.0, 25.0, 40.0, 31.25, 0.0, 33.333336, 20.0, 0.0, 0.0, 25.0, 0.0, 0.0]
TOTAL_ERROR_RATE: [37.5, 0.0, 0.0, 0.0, 33.333336, 66.66667, 45.454548, 0.0, 50.0, 25.0, 0.0, 0.0, 33.333336, 0.0, 0.0]
TOTAL_ERROR_RATE_MODIFIED_SHORTEST: [37.5, 0.0, 0.0, 0.0, 33.333336, 66.66667, 45.454548, 0.0, 50.0, 25.0, 0.0, 0.0, 33.333336, 0.0, 0.0]
TOTAL_ERROR_RATE_MODIFIED_BACKSPACE: [27.272728, 0.0, 0.0, 0.0, 25.0, 40.0, 31.25, 0.0, 33.333336, 20.0, 0.0, 0.0, 25.0, 0.0, 0.0]
FRECHET_DISTANCE_TOUCH_ONLY: [341.8588, 185.32118, 295.49768, 147.24843, 322.62817, 432.95367, 362.3722, 148.4198, 470.2722, 431.1098, 211.53537, 146.69505, 522.3548, 243.61661, 151.39818]
FRECHET_DISTANCE_TOUCH_ONLY_MODIFIED_SHORTEST: [341.8588, 185.32118, 295.49768, 147.24843, 322.62817, 432.95367, 362.3722, 148.4198, 470.2722, 102.91389, 211.53537, 146.69505, 522.3548, 243.61661, 151.39818]
FRECHET_DISTANCE_TOUCH_ONLY_MODIFIED_BACKSPACE: [381.20395, 185.32118, 295.49768, 147.24843, 286.2003, 287.78122, 310.15182, 148.4198, 396.04953, 102.91389, 211.53537, 146.69505, 415.7934, 243.61661, 151.39818]
KEYBOARD_TYPE: leapAirBimodal
PRACTICE_WORDS_PER_INPUT: 12
WORD_ORDER: [dales, failed, shied, fir, sites, hopped, halls, wicker, tale, sit, pans, run, dire, fine, sinned]
NUMBER_OF_TIMES_PLANE_BREACHED: [1, 1, 1, 1, 1, 5, 1, 1, 1, 1, 1, 1, 1, 5, 1]
DISTANCE_TRAVELED_TOUCH_ONLY: [46.574764, 49.026306, 33.113464, 26.531252, 33.409004, 71.791336, 52.12615, 55.866882, 48.991062, 28.161736, 52.72265, 21.37475, 32.09098, 81.09632, 37.82568]
DISTANCE_TRAVELED_TOUCH_ONLY_SHORTEST: [46.574764, 49.026306, 33.113464, 26.531252, 33.409004, 71.791336, 52.12615, 55.866882, 48.991062, 28.161736, 52.72265, 21.37475, 32.09098, 81.09632, 37.82568]
TIME_DURATION_TOUCH_ONLY: [2.6180363, 3.2365646, 2.1796436, 1.6370016, 2.5219884, 3.1047318, 2.422693, 3.5707183, 2.238788, 1.4190731, 2.4373777, 1.4366335, 1.9650526, 3.3967786, 2.6301348]
TIME_DURATION_TOUCH_ONLY_SHORTEST: [2.6180363, 3.2365646, 2.1796436, 1.6370016, 2.5219884, 3.1047318, 2.422693, 3.5707183, 2.238788, 1.4190731, 2.4373777, 1.4366335, 1.9650526, 3.3967786, 2.6301348]
AVERAGE_PIXEL_VELOCITY: [17.787037, 15.148749, 15.162, 16.077507, 13.192781, 23.287563, 21.414715, 15.659807, 21.936016, 19.638876, 21.497162, 14.908221, 16.30447, 23.937445, 14.452299]
REACTION_TIME_FIRST_PRESSED: [0.91004944, 1.1336545, 1.1336688, 0.90027803, 1.3504432, 1.3838506, 5.952279, 1.5172261, 0.93359613, 1.1836338, 1.3170335, 1.7839434, 0.96704084, 0.8502108, 1.1504264]
REACTION_TIME_FIRST_TOUCH: [0.91004944, 1.1336545, 1.1336688, 0.90027803, 1.3504432, 1.3838506, 5.952279, 1.5172261, 0.93359613, 1.1836338, 1.3170335, 1.7839434, 0.96704084, 0.8502108, 1.1504264]
AVERAGE_REACTION_TIME_TO_ERRORS: [0.0, 0.0, 0.0, 0.0, 0.0, 1.6506702, 0.0, 0.0, 0.0, 0.0, 0.0, 0.0, 0.0, 1.4005527, 0.0]
TEXT_ENTRY_RATE_WPM: [18.334352, 18.538176, 22.021948, 14.66095, 19.032602, 19.32534, 19.812664, 16.803343, 16.08013, 16.912449, 14.769973, 16.705723, 18.32012, 10.598277, 22.81252]
TEXT_ENTRY_RATE_MODIFIED_WPM_SHORTEST: [18.334352, 18.538176, 22.021948, 14.66095, 19.032602, 19.32534, 19.812664, 16.803343, 16.08013, 16.912449, 14.769973, 16.705723, 18.32012, 10.598277, 22.81252]
TEXT_ENTRY_RATE_MODIFIED_WPM_VULTURE: [22.917942, 22.24581, 27.527435, 21.991426, 23.790752, 23.19041, 24.76583, 20.164011, 21.440174, 25.368673, 19.693296, 25.058584, 24.426828, 14.131037, 27.375025]
TEXT_ENTRY_RATE_MODIFIED_WPM_SHORTEST_VULTURE: [22.917942, 22.24581, 27.527435, 21.991426, 23.790752, 23.19041, 24.76583, 20.164011, 21.440174, 25.368673, 19.693296, 25.058584, 24.426828, 14.131037, 27.375025]
ERROR_RATE_KSPC: [1.0, 1.0, 1.0, 1.0, 1.0, 1.6666666, 1.0, 1.0, 1.0, 1.0, 1.0, 1.0, 1.0, 2.5, 1.0]
ERROR_RATE_MODIFIED_KSPC_SHORTEST: [1.0, 1.0, 1.0, 1.0, 1.0, 1.6666666, 1.0, 1.0, 1.0, 1.0, 1.0, 1.0, 1.0, 2.5, 1.0]
ERROR_RATE_MODIFIED_MSD_SHORTEST: [0.0, 0.0, 0.0, 0.0, 0.0, 0.0, 0.0, 0.0, 0.0, 0.0, 0.0, 0.0, 0.0, 0.0, 0.0]
ERROR_RATE_MODIFIED_MSD_BACKSPACE: [0.0, 0.0, 0.0, 0.0, 0.0, 20.0, 0.0, 0.0, 0.0, 0.0, 0.0, 0.0, 0.0, 30.000002, 0.0]
TOTAL_ERROR_RATE: [0.0, 0.0, 0.0, 0.0, 0.0, 25.0, 0.0, 0.0, 0.0, 0.0, 0.0, 0.0, 0.0, 42.857143, 0.0]
TOTAL_ERROR_RATE_MODIFIED_SHORTEST: [0.0, 0.0, 0.0, 0.0, 0.0, 25.0, 0.0, 0.0, 0.0, 0.0, 0.0, 0.0, 0.0, 42.857143, 0.0]
TOTAL_ERROR_RATE_MODIFIED_BACKSPACE: [0.0, 0.0, 0.0, 0.0, 0.0, 20.0, 0.0, 0.0, 0.0, 0.0, 0.0, 0.0, 0.0, 30.000002, 0.0]
FRECHET_DISTANCE_TOUCH_ONLY: [436.9974, 435.01898, 435.76306, 434.91583, 435.11682, 524.8246, 434.94907, 435.6651, 434.9006, 434.96713, 434.64124, 437.25665, 435.71838, 582.5476, 435.54395]
FRECHET_DISTANCE_TOUCH_ONLY_MODIFIED_SHORTEST: [436.9974, 435.01898, 435.76306, 434.91583, 435.11682, 524.8246, 434.94907, 435.6651, 434.9006, 434.96713, 434.64124, 437.25665, 435.71838, 582.5476, 435.54395]
FRECHET_DISTANCE_TOUCH_ONLY_MODIFIED_BACKSPACE: [436.9974, 435.01898, 435.76306, 434.91583, 435.11682, 436.54706, 434.94907, 435.6651, 434.9006, 434.96713, 434.64124, 437.25665, 435.71838, 438.0584, 435.54395]
