KEYBOARD_TYPE: tablet
PRACTICE_WORDS_PER_INPUT: 8
WORD_ORDER: [hailed, dipped, dubbed, sue, sicker, shier, mans, tin, coy, find, sires, core, falls, tales, bale]
NUMBER_OF_TIMES_PLANE_BREACHED: [14, 3, 1, 5, 1, 6, 1, 1, 1, 1, 1, 1, 1, 1, 1]
DISTANCE_TRAVELED_TOUCH_ONLY: [1612.2867, 933.44904, 802.8014, 514.4902, 1473.351, 895.8031, 1290.0587, 346.65994, 536.51526, 692.73584, 825.8742, 798.15063, 1303.5049, 1477.8881, 1413.7986]
DISTANCE_TRAVELED_TOUCH_ONLY_SHORTEST: [1255.3018, 933.44904, 802.8014, 390.02362, 1473.351, 708.55835, 1290.0587, 346.65994, 536.51526, 692.73584, 825.8742, 798.15063, 1303.5049, 1477.8881, 1413.7986]
TIME_DURATION_TOUCH_ONLY: [7.814539, 4.884623, 3.7566571, 2.3515983, 4.7641964, 3.3047373, 3.0442727, 0.8298045, 0.88777566, 1.1061301, 1.1430845, 0.9050938, 1.6981463, 1.807092, 1.6696376]
TIME_DURATION_TOUCH_ONLY_SHORTEST: [6.0971622, 4.884623, 3.7566571, 1.378881, 4.7641964, 1.976933, 3.0442727, 0.8298045, 0.88777566, 1.1061301, 1.1430845, 0.9050938, 1.6981463, 1.807092, 1.6696376]
AVERAGE_PIXEL_VELOCITY: [206.18652, 190.68057, 213.33275, 218.62546, 308.93607, 271.47693, 422.16956, 414.70016, 604.1926, 624.5895, 723.67303, 885.1137, 764.4627, 817.8337, 846.4867]
REACTION_TIME_FIRST_PRESSED: [1.1614679, 1.7520032, 2.568838, 1.9221979, 1.8545876, 1.6840633, 1.6330239, 1.3267894, 1.0716422, 0.90148777, 1.0376507, 0.96957535, 0.93598115, 0.9695896, 1.0547557]
REACTION_TIME_FIRST_TOUCH: [1.1614679, 1.7520032, 2.568838, 1.9221979, 1.8545876, 1.6840633, 1.6330239, 1.3267894, 1.0716422, 0.90148777, 1.0376507, 0.96957535, 0.93598115, 0.9695896, 1.0547557]
AVERAGE_REACTION_TIME_TO_ERRORS: [1.6614245, 2.347629, 0.0, 1.2077872, 0.0, 1.7862308, 0.0, 0.0, 0.0, 0.0, 0.0, 0.0, 0.0, 0.0, 0.0]
TEXT_ENTRY_RATE_WPM: [7.677996, 12.283446, 15.971646, 10.205825, 12.59394, 14.524604, 11.825484, 28.922476, 27.033857, 32.5459, 41.991646, 39.774883, 28.266113, 26.562012, 21.561567]
TEXT_ENTRY_RATE_MODIFIED_WPM_SHORTEST: [9.840644, 12.283446, 15.971646, 17.405418, 12.59394, 24.280035, 11.825484, 28.922476, 27.033857, 32.5459, 41.991646, 39.774883, 28.266113, 26.562012, 21.561567]
TEXT_ENTRY_RATE_MODIFIED_WPM_VULTURE: [8.021384, 10.8488865, 11.382509, 8.423425, 10.878131, 12.026939, 10.262339, 16.692991, 18.372805, 23.908932, 27.513657, 25.60452, 22.77794, 21.608528, 17.618603]
TEXT_ENTRY_RATE_MODIFIED_WPM_SHORTEST_VULTURE: [9.919227, 10.8488865, 11.382509, 10.905526, 10.878131, 16.38898, 10.262339, 16.692991, 18.372805, 23.908932, 27.513657, 25.60452, 22.77794, 21.608528, 17.618603]
ERROR_RATE_KSPC: [4.3333335, 1.3333334, 1.0, 2.3333333, 1.0, 3.0, 1.0, 1.0, 1.0, 1.0, 1.0, 1.0, 1.0, 1.0, 1.0]
ERROR_RATE_MODIFIED_KSPC_SHORTEST: [1.9090909, 1.3333334, 1.0, 1.0, 1.0, 1.0, 1.0, 1.0, 1.0, 1.0, 1.0, 1.0, 1.0, 1.0, 1.0]
ERROR_RATE_MODIFIED_MSD_SHORTEST: [45.454548, 0.0, 0.0, 40.0, 0.0, 50.0, 0.0, 0.0, 0.0, 0.0, 0.0, 0.0, 0.0, 0.0, 0.0]
ERROR_RATE_MODIFIED_MSD_BACKSPACE: [38.46154, 12.5, 0.0, 28.57143, 0.0, 33.333336, 0.0, 0.0, 0.0, 0.0, 0.0, 0.0, 0.0, 0.0, 0.0]
ERROR_RATE_MWD: [26.666668]
ERROR_RATE_MODIFIED_MWD_SHORTEST: [20.0]
ERROR_RATE_MODIFIED_MWD_BACKSPACE: [26.666668]
TOTAL_ERROR_RATE: [62.5, 14.285715, 0.0, 40.0, 0.0, 50.0, 0.0, 0.0, 0.0, 0.0, 0.0, 0.0, 0.0, 0.0, 0.0]
TOTAL_ERROR_RATE_MODIFIED_SHORTEST: [62.5, 14.285715, 0.0, 40.0, 0.0, 50.0, 0.0, 0.0, 0.0, 0.0, 0.0, 0.0, 0.0, 0.0, 0.0]
TOTAL_ERROR_RATE_MODIFIED_BACKSPACE: [38.46154, 12.5, 0.0, 28.57143, 0.0, 33.333336, 0.0, 0.0, 0.0, 0.0, 0.0, 0.0, 0.0, 0.0, 0.0]
FRECHET_DISTANCE_TOUCH_ONLY: [478.43286, 245.09998, 145.34442, 440.50085, 206.1674, 355.37305, 259.79416, 110.85576, 175.04572, 144.15616, 189.18774, 181.09943, 289.11072, 278.14566, 293.04266]
FRECHET_DISTANCE_TOUCH_ONLY_MODIFIED_SHORTEST: [478.43286, 245.09998, 145.34442, 163.57262, 206.1674, 203.4822, 259.79416, 110.85576, 175.04572, 144.15616, 189.18774, 181.09943, 289.11072, 278.14566, 293.04266]
FRECHET_DISTANCE_TOUCH_ONLY_MODIFIED_BACKSPACE: [236.93248, 245.09998, 145.34442, 163.57262, 206.1674, 203.4822, 259.79416, 110.85576, 175.04572, 144.15616, 189.18774, 181.09943, 289.11072, 278.14566, 293.04266]
KEYBOARD_TYPE: leapSurface
PRACTICE_WORDS_PER_INPUT: 6
WORD_ORDER: [owns, fores, ripped, shies, mailed, dot, tub, docket, hot, rubbed, galls, vale, bales, rubs, fire]
NUMBER_OF_TIMES_PLANE_BREACHED: [1, 1, 1, 1, 1, 9, 1, 1, 4, 1, 1, 3, 1, 3, 1]
DISTANCE_TRAVELED_TOUCH_ONLY: [1493.3739, 1030.4896, 1153.2731, 1010.9685, 1851.8304, 3715.0012, 486.4176, 1834.0039, 1503.3298, 986.09375, 1580.2303, 3251.2124, 1707.1782, 1861.821, 774.6508]
DISTANCE_TRAVELED_TOUCH_ONLY_SHORTEST: [1493.3739, 1030.4896, 1153.2731, 1010.9685, 1851.8304, 1374.1615, 486.4176, 1834.0039, 925.3726, 986.09375, 1580.2303, 3251.2124, 1707.1782, 1861.821, 774.6508]
TIME_DURATION_TOUCH_ONLY: [2.6698313, 2.4002042, 3.2182584, 2.415555, 2.8322756, 5.4533253, 1.087125, 2.9189248, 3.2524617, 2.004188, 2.4519007, 2.1365933, 2.55236, 2.1706972, 1.664539]
TIME_DURATION_TOUCH_ONLY_SHORTEST: [2.6698313, 2.4002042, 3.2182584, 2.415555, 2.8322756, 1.1488657, 1.087125, 2.9189248, 1.1016592, 2.004188, 2.4519007, 2.1365933, 2.55236, 2.1706972, 1.664539]
AVERAGE_PIXEL_VELOCITY: [559.65173, 429.2508, 358.39096, 418.12955, 653.2793, 680.24347, 450.68414, 698.4034, 462.4552, 492.90897, 644.7848, 550.8932, 669.14923, 365.00317, 464.62854]
REACTION_TIME_FIRST_PRESSED: [11.049931, 1.6339042, 1.2170591, 0.9669461, 0.9335509, 0.666755, 1.4505028, 0.86687684, 0.8835628, 12.972087, 0.81687164, 6.886233, 1.450507, 5.302192, 0.9669561]
REACTION_TIME_FIRST_TOUCH: [11.049931, 1.6339042, 1.2170591, 0.9669461, 0.9335509, 0.666755, 1.4505028, 0.86687684, 0.8835628, 12.972087, 0.81687164, 0.8669252, 1.450507, 0.70013005, 0.9669561]
AVERAGE_REACTION_TIME_TO_ERRORS: [0.0, 0.0, 0.0, 0.0, 0.0, 2.0508344, 0.0, 0.0, 2.3676548, 0.0, 0.0, 3.868314, 0.0, 2.784594, 0.0]
TEXT_ENTRY_RATE_WPM: [13.483998, 19.998299, 18.643625, 19.87121, 21.184378, 4.400985, 22.07658, 20.555515, 7.379026, 29.937311, 19.57665, 16.849253, 18.806126, 16.584534, 21.62761]
TEXT_ENTRY_RATE_MODIFIED_WPM_SHORTEST: [13.483998, 19.998299, 18.643625, 19.87121, 21.184378, 20.890171, 22.07658, 20.555515, 21.785322, 29.937311, 19.57665, 16.849253, 18.806126, 16.584534, 21.62761]
TEXT_ENTRY_RATE_MODIFIED_WPM_VULTURE: [3.498603, 14.873176, 16.233335, 17.738356, 19.11931, 5.882276, 14.186478, 19.018429, 8.704011, 4.8076043, 18.355515, 5.319841, 14.989255, 6.4232187, 18.240583]
TEXT_ENTRY_RATE_MODIFIED_WPM_SHORTEST_VULTURE: [3.498603, 14.873176, 16.233335, 17.738356, 19.11931, 19.82793, 14.186478, 19.018429, 18.133993, 4.8076043, 18.355515, 5.319841, 14.989255, 6.4232187, 18.240583]
ERROR_RATE_KSPC: [1.0, 1.0, 1.0, 1.0, 1.0, 5.6666665, 1.0, 1.0, 3.0, 1.0, 1.0, 3.0, 1.0, 3.5, 1.0]
ERROR_RATE_MODIFIED_KSPC_SHORTEST: [1.0, 1.0, 1.0, 1.0, 1.0, 1.0, 1.0, 1.0, 1.0, 1.0, 1.0, 3.0, 1.0, 3.5, 1.0]
ERROR_RATE_MODIFIED_MSD_SHORTEST: [0.0, 0.0, 0.0, 0.0, 0.0, 50.0, 0.0, 0.0, 50.0, 0.0, 0.0, 0.0, 0.0, 0.0, 0.0]
ERROR_RATE_MODIFIED_MSD_BACKSPACE: [0.0, 0.0, 0.0, 0.0, 0.0, 41.17647, 0.0, 0.0, 33.333336, 0.0, 0.0, 33.333336, 0.0, 35.714287, 0.0]
ERROR_RATE_MWD: [26.666668]
ERROR_RATE_MODIFIED_MWD_SHORTEST: [13.333334]
ERROR_RATE_MODIFIED_MWD_BACKSPACE: [26.666668]
TOTAL_ERROR_RATE: [0.0, 0.0, 0.0, 0.0, 0.0, 70.0, 0.0, 0.0, 50.0, 0.0, 0.0, 50.0, 0.0, 55.555557, 0.0]
TOTAL_ERROR_RATE_MODIFIED_SHORTEST: [0.0, 0.0, 0.0, 0.0, 0.0, 50.0, 0.0, 0.0, 50.0, 0.0, 0.0, 50.0, 0.0, 55.555557, 0.0]
TOTAL_ERROR_RATE_MODIFIED_BACKSPACE: [0.0, 0.0, 0.0, 0.0, 0.0, 41.17647, 0.0, 0.0, 33.333336, 0.0, 0.0, 33.333336, 0.0, 35.714287, 0.0]
FRECHET_DISTANCE_TOUCH_ONLY: [257.67154, 183.76408, 250.75069, 180.27048, 256.0001, 708.37384, 74.64239, 206.89752, 279.1435, 148.81033, 295.3818, 476.3532, 283.91003, 430.22754, 143.5207]
FRECHET_DISTANCE_TOUCH_ONLY_MODIFIED_SHORTEST: [257.67154, 183.76408, 250.75069, 180.27048, 256.0001, 532.58936, 74.64239, 206.89752, 268.72314, 148.81033, 295.3818, 476.3532, 283.91003, 430.22754, 143.5207]
FRECHET_DISTANCE_TOUCH_ONLY_MODIFIED_BACKSPACE: [257.67154, 183.76408, 250.75069, 180.27048, 256.0001, 650.53296, 74.64239, 206.89752, 268.72314, 148.81033, 295.3818, 323.793, 283.91003, 226.86786, 143.5207]
KEYBOARD_TYPE: leapAirStatic
PRACTICE_WORDS_PER_INPUT: 5
WORD_ORDER: [rind, rub, got, subbed, sire, socket, yipped, balls, bailed, sir, hales, gape, sores, shirt, lane]
NUMBER_OF_TIMES_PLANE_BREACHED: [1, 1, 2, 4, 2, 1, 7, 1, 4, 7, 1, 1, 1, 2, 4]
DISTANCE_TRAVELED_TOUCH_ONLY: [897.6729, 421.9288, 306.61234, 1895.8259, 944.2886, 1771.511, 1461.8077, 1533.4108, 1218.5538, 930.71375, 1678.5396, 1560.0479, 1022.88995, 603.55365, 1413.6]
DISTANCE_TRAVELED_TOUCH_ONLY_SHORTEST: [897.6729, 421.9288, 306.61234, 1822.8309, 944.2886, 1771.511, 1461.8077, 1533.4108, 1218.5538, 863.17316, 1678.5396, 1560.0479, 1022.88995, 603.55365, 1217.9781]
TIME_DURATION_TOUCH_ONLY: [5.3526845, 3.5498152, 2.2967439, 9.093453, 6.1500816, 7.8563123, 7.117434, 5.6027927, 6.6682606, 6.000455, 6.9853387, 5.0542855, 4.7990465, 3.3216588, 6.5098305]
TIME_DURATION_TOUCH_ONLY_SHORTEST: [5.3526845, 3.5498152, 2.2967439, 8.858018, 6.1500816, 7.8563123, 7.117434, 5.6027927, 6.6682606, 5.5491905, 6.9853387, 5.0542855, 4.7990465, 3.3216588, 5.806391]
AVERAGE_PIXEL_VELOCITY: [167.69568, 118.81074, 133.25682, 208.68907, 151.4356, 225.58002, 178.87627, 273.68863, 182.7553, 155.09947, 240.27055, 308.74194, 213.01215, 181.9366, 217.3828]
REACTION_TIME_FIRST_PRESSED: [2.0961196, 4.3016806, 3.7681873, 2.9177475, 4.78524, 3.001155, 7.469732, 3.1845222, 2.7343774, 2.8177576, 3.1178806, 3.8681333, 2.3175232, 2.8344312, 2.8011267]
REACTION_TIME_FIRST_TOUCH: [2.0961196, 4.3016806, 3.7681873, 2.9177475, 0.3833432, 3.001155, 0.04985701, 3.1845222, 2.7343774, 2.8177576, 3.1178806, 3.8681333, 2.3175232, 2.8344312, 2.8011267]
AVERAGE_REACTION_TIME_TO_ERRORS: [0.0, 0.0, 0.0, 3.851669, 0.0, 0.0, 5.3606467, 0.0, 1.9841529, 2.0841749, 0.0, 0.0, 0.0, 0.0, 2.5594232]
TEXT_ENTRY_RATE_WPM: [6.725597, 6.7609153, 10.449576, 6.5981536, 5.853581, 7.6371713, 8.430004, 8.567156, 8.9978485, 3.9996967, 6.871535, 7.1226687, 10.0019865, 14.45061, 5.530098]
TEXT_ENTRY_RATE_MODIFIED_WPM_SHORTEST: [6.725597, 6.7609153, 10.449576, 6.773524, 5.853581, 7.6371713, 8.430004, 8.567156, 8.9978485, 4.324955, 6.871535, 7.1226687, 10.0019865, 14.45061, 6.200065]
TEXT_ENTRY_RATE_MODIFIED_WPM_VULTURE: [6.4439883, 4.5851135, 5.9357643, 5.9944053, 4.389446, 6.6313806, 4.935846, 6.8280234, 7.657426, 4.08246, 5.938701, 5.3797073, 8.431029, 9.746447, 5.1552167]
TEXT_ENTRY_RATE_MODIFIED_WPM_SHORTEST_VULTURE: [6.4439883, 4.5851135, 5.9357643, 6.114252, 4.389446, 6.6313806, 4.935846, 6.8280234, 7.657426, 4.3026443, 5.938701, 5.3797073, 8.431029, 9.746447, 5.576521]
ERROR_RATE_KSPC: [1.0, 1.0, 1.0, 2.3333333, 1.0, 1.0, 2.6666667, 1.0, 1.3333334, 3.6666667, 1.0, 1.0, 1.0, 1.0, 2.0]
ERROR_RATE_MODIFIED_KSPC_SHORTEST: [1.0, 1.0, 1.0, 1.8571428, 1.0, 1.0, 2.6666667, 1.0, 1.3333334, 2.5, 1.0, 1.0, 1.0, 1.0, 1.4]
ERROR_RATE_MODIFIED_MSD_SHORTEST: [0.0, 0.0, 0.0, 14.285715, 20.0, 0.0, 0.0, 0.0, 0.0, 25.0, 0.0, 0.0, 0.0, 0.0, 20.0]
ERROR_RATE_MODIFIED_MSD_BACKSPACE: [0.0, 0.0, 0.0, 28.57143, 20.0, 0.0, 31.25, 0.0, 12.5, 36.363636, 0.0, 0.0, 0.0, 0.0, 25.0]
ERROR_RATE_MWD: [33.333336]
ERROR_RATE_MODIFIED_MWD_SHORTEST: [26.666668]
ERROR_RATE_MODIFIED_MWD_BACKSPACE: [40.0]
TOTAL_ERROR_RATE: [0.0, 0.0, 0.0, 40.0, 20.0, 0.0, 45.454548, 0.0, 14.285715, 57.14286, 0.0, 0.0, 0.0, 0.0, 33.333336]
TOTAL_ERROR_RATE_MODIFIED_SHORTEST: [0.0, 0.0, 0.0, 40.0, 20.0, 0.0, 45.454548, 0.0, 14.285715, 57.14286, 0.0, 0.0, 0.0, 0.0, 33.333336]
TOTAL_ERROR_RATE_MODIFIED_BACKSPACE: [0.0, 0.0, 0.0, 28.57143, 20.0, 0.0, 31.25, 0.0, 12.5, 36.363636, 0.0, 0.0, 0.0, 0.0, 25.0]
FRECHET_DISTANCE_TOUCH_ONLY: [147.49297, 109.54106, 136.28867, 787.6359, 811.07306, 239.81743, 347.19092, 292.4779, 243.5824, 655.0095, 293.43915, 311.4244, 243.02066, 147.48111, 715.518]
FRECHET_DISTANCE_TOUCH_ONLY_MODIFIED_SHORTEST: [147.49297, 109.54106, 136.28867, 448.66, 811.07306, 239.81743, 347.19092, 292.4779, 243.5824, 359.8769, 293.43915, 311.4244, 243.02066, 147.48111, 222.19035]
FRECHET_DISTANCE_TOUCH_ONLY_MODIFIED_BACKSPACE: [147.49297, 109.54106, 136.28867, 354.77484, 811.07306, 239.81743, 315.2099, 292.4779, 262.41415, 201.63142, 293.43915, 311.4244, 243.02066, 147.48111, 423.70935]
KEYBOARD_TYPE: leapAirPinch
PRACTICE_WORDS_PER_INPUT: 12
WORD_ORDER: [tipped, fins, soy, sure, cores, gale, finned, fit, shift, rim, games, gamma, mane, jailed, rocket]
NUMBER_OF_TIMES_PLANE_BREACHED: [15, 1, 4, 9, 1, 1, 1, 1, 1, 1, 1, 1, 1, 1, 5]
DISTANCE_TRAVELED_TOUCH_ONLY: [7162.0493, 1317.2134, 2456.199, 3341.4434, 1342.1407, 2164.8142, 1184.3552, 1003.18713, 1272.4966, 950.19604, 1931.9332, 1702.343, 1822.1903, 2109.011, 4111.914]
DISTANCE_TRAVELED_TOUCH_ONLY_SHORTEST: [7162.0493, 1317.2134, 2456.199, 3341.4434, 1342.1407, 2164.8142, 1184.3552, 1003.18713, 1272.4966, 950.19604, 1931.9332, 1702.343, 1822.1903, 2109.011, 4111.914]
TIME_DURATION_TOUCH_ONLY: [8.953287, 5.7545643, 5.419614, 5.3849626, 6.9505296, 5.386862, 6.7229137, 2.8511064, 5.5376544, 3.2680042, 7.2038364, 4.9033294, 5.200323, 6.4667993, 8.266343]
TIME_DURATION_TOUCH_ONLY_SHORTEST: [8.953287, 5.7545643, 5.419614, 5.3849626, 6.9505296, 5.386862, 6.7229137, 2.8511064, 5.5376544, 3.2680042, 7.2038364, 4.9033294, 5.200323, 6.4667993, 8.266343]
AVERAGE_PIXEL_VELOCITY: [637.5959, 228.70924, 453.26486, 621.4482, 192.90051, 401.98312, 175.98994, 352.24152, 229.8705, 290.7365, 268.12265, 347.3346, 350.02094, 326.0962, 497.17844]
REACTION_TIME_FIRST_PRESSED: [8.261522, 2.8163512, 2.9510784, 3.618174, 3.0511658, 4.034905, 1.8507105, 1.0502982, 1.9007177, 1.8840424, 2.0841043, 2.367407, 2.2508314, 1.6171819, 1.8507214]
REACTION_TIME_FIRST_TOUCH: [1.1751398, 2.8163512, 2.9510784, 3.618174, 3.0511658, 4.034905, 1.8507105, 1.0502982, 1.9007177, 1.8840424, 2.0841043, 2.367407, 2.2508314, 1.6171819, 1.8507214]
AVERAGE_REACTION_TIME_TO_ERRORS: [2.0007799, 0.0, 1.4672385, 1.7673992, 0.0, 0.0, 0.0, 0.0, 0.0, 0.0, 0.0, 0.0, 0.0, 0.0, 3.4347908]
TEXT_ENTRY_RATE_WPM: [6.701449, 6.2559037, 4.4283595, 6.685283, 6.9059486, 6.682926, 8.924702, 8.417785, 8.66793, 7.3439317, 6.6631165, 9.789268, 6.922647, 9.27816, 7.258349]
TEXT_ENTRY_RATE_MODIFIED_WPM_SHORTEST: [6.701449, 6.2559037, 4.4283595, 6.685283, 6.9059486, 6.682926, 8.924702, 8.417785, 8.66793, 7.3439317, 6.6631165, 9.789268, 6.922647, 9.27816, 7.258349]
TEXT_ENTRY_RATE_MODIFIED_WPM_VULTURE: [4.1824455, 5.6003356, 4.3007197, 5.3314753, 5.998983, 5.0945864, 8.397849, 9.227447, 8.066281, 6.9875145, 6.45999, 8.252259, 6.441954, 8.906503, 7.1166887]
TEXT_ENTRY_RATE_MODIFIED_WPM_SHORTEST_VULTURE: [4.1824455, 5.6003356, 4.3007197, 5.3314753, 5.998983, 5.0945864, 8.397849, 9.227447, 8.066281, 6.9875145, 6.45999, 8.252259, 6.441954, 8.906503, 7.1166887]
ERROR_RATE_KSPC: [3.2857144, 1.0, 2.3333333, 3.4, 1.0, 1.0, 1.0, 1.0, 1.0, 1.0, 1.0, 1.0, 1.0, 1.0, 2.0]
ERROR_RATE_MODIFIED_KSPC_SHORTEST: [3.2857144, 1.0, 2.3333333, 3.4, 1.0, 1.0, 1.0, 1.0, 1.0, 1.0, 1.0, 1.0, 1.0, 1.0, 2.0]
ERROR_RATE_MODIFIED_MSD_SHORTEST: [14.285715, 0.0, 0.0, 20.0, 0.0, 0.0, 0.0, 0.0, 0.0, 0.0, 0.0, 0.0, 0.0, 0.0, 0.0]
ERROR_RATE_MODIFIED_MSD_BACKSPACE: [39.130436, 0.0, 28.57143, 41.17647, 0.0, 0.0, 0.0, 0.0, 0.0, 0.0, 0.0, 0.0, 0.0, 0.0, 25.0]
ERROR_RATE_MWD: [26.666668]
ERROR_RATE_MODIFIED_MWD_SHORTEST: [13.333334]
ERROR_RATE_MODIFIED_MWD_BACKSPACE: [26.666668]
TOTAL_ERROR_RATE: [60.000004, 0.0, 40.0, 63.636364, 0.0, 0.0, 0.0, 0.0, 0.0, 0.0, 0.0, 0.0, 0.0, 0.0, 33.333336]
TOTAL_ERROR_RATE_MODIFIED_SHORTEST: [60.000004, 0.0, 40.0, 63.636364, 0.0, 0.0, 0.0, 0.0, 0.0, 0.0, 0.0, 0.0, 0.0, 0.0, 33.333336]
TOTAL_ERROR_RATE_MODIFIED_BACKSPACE: [39.130436, 0.0, 28.57143, 41.17647, 0.0, 0.0, 0.0, 0.0, 0.0, 0.0, 0.0, 0.0, 0.0, 0.0, 25.0]
FRECHET_DISTANCE_TOUCH_ONLY: [564.0418, 439.05063, 508.14648, 633.5277, 438.153, 439.48535, 436.3834, 434.78857, 435.27432, 436.16675, 435.47122, 435.6115, 435.6681, 436.0031, 536.33374]
FRECHET_DISTANCE_TOUCH_ONLY_MODIFIED_SHORTEST: [564.0418, 439.05063, 508.14648, 633.5277, 438.153, 439.48535, 436.3834, 434.78857, 435.27432, 436.16675, 435.47122, 435.6115, 435.6681, 436.0031, 536.33374]
FRECHET_DISTANCE_TOUCH_ONLY_MODIFIED_BACKSPACE: [475.16315, 439.05063, 441.1055, 436.73453, 438.153, 439.48535, 436.3834, 434.78857, 435.27432, 436.16675, 435.47122, 435.6115, 435.6681, 436.0031, 440.46515]
KEYBOARD_TYPE: leapAirDynamic
PRACTICE_WORDS_PER_INPUT: 4
WORD_ORDER: [gin, calls, zit, pens, tinned, due, hale, rocker, fibs, gales, nailed, shire, fore, fires, topped]
NUMBER_OF_TIMES_PLANE_BREACHED: [1, 1, 1, 1, 5, 1, 1, 1, 1, 1, 1, 1, 1, 3, 5]
DISTANCE_TRAVELED_TOUCH_ONLY: [424.6911, 1463.7451, 996.8649, 1369.6976, 1319.5538, 564.0505, 1581.8983, 1621.594, 826.3663, 1572.1201, 1659.5302, 879.271, 826.85956, 1046.4336, 1643.3563]
DISTANCE_TRAVELED_TOUCH_ONLY_SHORTEST: [424.6911, 1463.7451, 996.8649, 1369.6976, 1319.5538, 564.0505, 1581.8983, 1621.594, 826.3663, 1572.1201, 1659.5302, 879.271, 826.85956, 1046.4336, 1643.3563]
TIME_DURATION_TOUCH_ONLY: [4.137773, 5.84918, 4.2333446, 6.1346602, 6.169751, 3.138001, 4.516122, 6.8187838, 4.2553716, 5.5388083, 5.7168546, 4.7513566, 3.152456, 4.4861913, 5.266327]
TIME_DURATION_TOUCH_ONLY_SHORTEST: [4.137773, 5.84918, 4.2333446, 6.1346602, 6.169751, 3.138001, 4.516122, 6.8187838, 4.2553716, 5.5388083, 5.7168546, 4.7513566, 3.152456, 4.4861913, 5.266327]
AVERAGE_PIXEL_VELOCITY: [102.7068, 250.0907, 235.37093, 223.19888, 145.50877, 179.90936, 350.0668, 237.74379, 194.30563, 283.97012, 290.2158, 185.00821, 262.33786, 162.6039, 199.9654]
REACTION_TIME_FIRST_PRESSED: [3.1629858, 3.7181075, 2.3675418, 3.1011684, 12.271846, 1.7006202, 2.7328775, 1.7172737, 2.0674338, 1.9506621, 2.4510128, 1.6337959, 1.7339303, 7.4030256, 7.753283]
REACTION_TIME_FIRST_TOUCH: [3.1629858, 3.7181075, 2.3675418, 3.1011684, 2.6509702, 1.7006202, 2.7328775, 1.7172737, 2.0674338, 1.9506621, 2.4510128, 1.6337959, 1.7339303, 1.5837884, 1.550604]
AVERAGE_REACTION_TIME_TO_ERRORS: [0.0, 0.0, 0.0, 0.0, 2.9179478, 0.0, 0.0, 0.0, 0.0, 0.0, 0.0, 0.0, 0.0, 2.4010901, 2.2842653]
TEXT_ENTRY_RATE_WPM: [5.800222, 8.206278, 5.6692767, 5.8682957, 9.724865, 7.6481814, 7.9714417, 8.799224, 8.459896, 8.666124, 10.495282, 10.102378, 11.419667, 10.6995, 11.39314]
TEXT_ENTRY_RATE_MODIFIED_WPM_SHORTEST: [5.800222, 8.206278, 5.6692767, 5.8682957, 9.724865, 7.6481814, 7.9714417, 8.799224, 8.459896, 8.666124, 10.495282, 10.102378, 11.419667, 10.6995, 11.39314]
TEXT_ENTRY_RATE_MODIFIED_WPM_VULTURE: [4.930994, 6.2713704, 5.453813, 5.1971517, 3.9042175, 7.440136, 6.6216035, 8.434807, 7.5915675, 8.011248, 8.81503, 9.3968, 9.823211, 5.04659, 5.5301204]
TEXT_ENTRY_RATE_MODIFIED_WPM_SHORTEST_VULTURE: [4.930994, 6.2713704, 5.453813, 5.1971517, 3.9042175, 7.440136, 6.6216035, 8.434807, 7.5915675, 8.011248, 8.81503, 9.3968, 9.823211, 5.04659, 5.5301204]
ERROR_RATE_KSPC: [1.0, 1.0, 1.0, 1.0, 2.0, 1.0, 1.0, 1.0, 1.0, 1.0, 1.0, 1.0, 1.0, 1.8, 2.0]
ERROR_RATE_MODIFIED_KSPC_SHORTEST: [1.0, 1.0, 1.0, 1.0, 2.0, 1.0, 1.0, 1.0, 1.0, 1.0, 1.0, 1.0, 1.0, 1.8, 2.0]
ERROR_RATE_MODIFIED_MSD_SHORTEST: [0.0, 0.0, 0.0, 0.0, 0.0, 0.0, 0.0, 0.0, 0.0, 0.0, 0.0, 0.0, 0.0, 0.0, 0.0]
ERROR_RATE_MODIFIED_MSD_BACKSPACE: [0.0, 0.0, 0.0, 0.0, 25.0, 0.0, 0.0, 0.0, 0.0, 0.0, 0.0, 0.0, 0.0, 22.222223, 25.0]
ERROR_RATE_MWD: [20.0]
ERROR_RATE_MODIFIED_MWD_SHORTEST: [0.0]
ERROR_RATE_MODIFIED_MWD_BACKSPACE: [20.0]
TOTAL_ERROR_RATE: [0.0, 0.0, 0.0, 0.0, 33.333336, 0.0, 0.0, 0.0, 0.0, 0.0, 0.0, 0.0, 0.0, 28.57143, 33.333336]
TOTAL_ERROR_RATE_MODIFIED_SHORTEST: [0.0, 0.0, 0.0, 0.0, 33.333336, 0.0, 0.0, 0.0, 0.0, 0.0, 0.0, 0.0, 0.0, 28.57143, 33.333336]
TOTAL_ERROR_RATE_MODIFIED_BACKSPACE: [0.0, 0.0, 0.0, 0.0, 25.0, 0.0, 0.0, 0.0, 0.0, 0.0, 0.0, 0.0, 0.0, 22.222223, 25.0]
FRECHET_DISTANCE_TOUCH_ONLY: [98.257835, 292.55118, 215.21188, 255.5919, 393.66974, 148.29616, 288.74286, 207.04854, 152.0428, 293.384, 243.69029, 144.853, 185.00279, 367.52362, 321.7425]
FRECHET_DISTANCE_TOUCH_ONLY_MODIFIED_SHORTEST: [98.257835, 292.55118, 215.21188, 255.5919, 393.66974, 148.29616, 288.74286, 207.04854, 152.0428, 293.384, 243.69029, 144.853, 185.00279, 367.52362, 321.7425]
FRECHET_DISTANCE_TOUCH_ONLY_MODIFIED_BACKSPACE: [98.257835, 292.55118, 215.21188, 255.5919, 188.32489, 148.29616, 288.74286, 207.04854, 152.0428, 293.384, 243.69029, 144.853, 185.00279, 149.60211, 251.0885]
KEYBOARD_TYPE: leapAirBimodal
PRACTICE_WORDS_PER_INPUT: 6
WORD_ORDER: [wicker, shied, tale, sites, sinned, sit, pans, halls, fine, run, hopped, failed, dales, dire, fir]
NUMBER_OF_TIMES_PLANE_BREACHED: [1, 1, 1, 1, 1, 6, 1, 1, 1, 6, 1, 1, 1, 1, 1]
DISTANCE_TRAVELED_TOUCH_ONLY: [1936.841, 1272.1101, 1853.887, 1245.8567, 1299.7898, 3518.657, 2050.3828, 1946.3773, 1184.6978, 3026.1367, 1301.0645, 1783.3259, 1600.4519, 1166.6268, 938.6068]
DISTANCE_TRAVELED_TOUCH_ONLY_SHORTEST: [1936.841, 1272.1101, 1853.887, 1245.8567, 1299.7898, 3518.657, 2050.3828, 1946.3773, 1184.6978, 844.23804, 1301.0645, 1783.3259, 1600.4519, 1166.6268, 938.6068]
TIME_DURATION_TOUCH_ONLY: [4.965251, 3.2536604, 3.253607, 2.7808828, 3.9331064, 1.9863207, 3.2326903, 3.420122, 2.798975, 2.1987317, 3.73433, 4.6173415, 3.681898, 2.787269, 1.8306673]
TIME_DURATION_TOUCH_ONLY_SHORTEST: [4.965251, 3.2536604, 3.253607, 2.7808828, 3.9331064, 1.9863207, 3.2326903, 3.420122, 2.798975, 1.8819329, 3.73433, 4.6173415, 3.681898, 2.787269, 1.8306673]
AVERAGE_PIXEL_VELOCITY: [389.85043, 391.39856, 570.4068, 446.96622, 330.2838, 1076.7545, 633.9907, 569.5209, 423.25446, 1374.9445, 348.49203, 386.1852, 434.33823, 418.8914, 512.02185]
REACTION_TIME_FIRST_PRESSED: [2.3123493, 1.3337507, 1.467193, 1.2504185, 1.2170888, 7.803248, 4.0349307, 1.300395, 1.2336888, 1.917375, 1.3003868, 1.7173411, 1.0669643, 1.250416, 0.96695495]
REACTION_TIME_FIRST_TOUCH: [2.3123493, 1.3337507, 1.467193, 1.2504185, 1.2170888, 0.41669658, 4.0349307, 1.300395, 1.2336888, 1.917375, 1.3003868, 1.7173411, 1.0669643, 1.250416, 0.96695495]
AVERAGE_REACTION_TIME_TO_ERRORS: [0.0, 0.0, 0.0, 0.0, 0.0, 1.7757235, 0.0, 0.0, 0.0, 1.7840788, 0.0, 0.0, 0.0, 0.0, 0.0]
TEXT_ENTRY_RATE_WPM: [12.0839815, 14.752614, 11.064643, 17.260706, 15.255118, 12.082641, 11.136235, 14.034589, 12.861852, 10.915384, 16.06714, 12.994491, 13.036756, 12.915868, 13.109973]
TEXT_ENTRY_RATE_MODIFIED_WPM_SHORTEST: [12.0839815, 14.752614, 11.064643, 17.260706, 15.255118, 12.082641, 11.136235, 14.034589, 12.861852, 12.752847, 16.06714, 12.994491, 13.036756, 12.915868, 13.109973]
TEXT_ENTRY_RATE_MODIFIED_WPM_VULTURE: [9.893371, 13.079274, 10.1677685, 14.883532, 13.980052, 3.677384, 6.604637, 12.710472, 11.902802, 8.74613, 14.300707, 11.366, 12.634604, 11.888, 12.86807]
TEXT_ENTRY_RATE_MODIFIED_WPM_SHORTEST_VULTURE: [9.893371, 13.079274, 10.1677685, 14.883532, 13.980052, 3.677384, 6.604637, 12.710472, 11.902802, 9.47541, 14.300707, 11.366, 12.634604, 11.888, 12.86807]
ERROR_RATE_KSPC: [1.0, 1.0, 1.0, 1.0, 1.0, 3.0, 1.0, 1.0, 1.0, 3.0, 1.0, 1.0, 1.0, 1.0, 1.0]
ERROR_RATE_MODIFIED_KSPC_SHORTEST: [1.0, 1.0, 1.0, 1.0, 1.0, 3.0, 1.0, 1.0, 1.0, 1.0, 1.0, 1.0, 1.0, 1.0, 1.0]
ERROR_RATE_MODIFIED_MSD_SHORTEST: [0.0, 0.0, 0.0, 0.0, 0.0, 0.0, 0.0, 0.0, 0.0, 40.0, 0.0, 0.0, 0.0, 0.0, 0.0]
ERROR_RATE_MODIFIED_MSD_BACKSPACE: [0.0, 0.0, 0.0, 0.0, 0.0, 33.333336, 0.0, 0.0, 0.0, 33.333336, 0.0, 0.0, 0.0, 0.0, 0.0]
ERROR_RATE_MWD: [13.333334]
ERROR_RATE_MODIFIED_MWD_SHORTEST: [6.666667]
ERROR_RATE_MODIFIED_MWD_BACKSPACE: [13.333334]
TOTAL_ERROR_RATE: [0.0, 0.0, 0.0, 0.0, 0.0, 50.0, 0.0, 0.0, 0.0, 50.0, 0.0, 0.0, 0.0, 0.0, 0.0]
TOTAL_ERROR_RATE_MODIFIED_SHORTEST: [0.0, 0.0, 0.0, 0.0, 0.0, 50.0, 0.0, 0.0, 0.0, 40.0, 0.0, 0.0, 0.0, 0.0, 0.0]
TOTAL_ERROR_RATE_MODIFIED_BACKSPACE: [0.0, 0.0, 0.0, 0.0, 0.0, 33.333336, 0.0, 0.0, 0.0, 33.333336, 0.0, 0.0, 0.0, 0.0, 0.0]
FRECHET_DISTANCE_TOUCH_ONLY: [436.42615, 436.6765, 435.89474, 435.65433, 435.49887, 571.98413, 434.7563, 434.80804, 437.74213, 620.13336, 436.68872, 435.73907, 434.95673, 436.42438, 436.81433]
FRECHET_DISTANCE_TOUCH_ONLY_MODIFIED_SHORTEST: [436.42615, 436.6765, 435.89474, 435.65433, 435.49887, 571.98413, 434.7563, 434.80804, 437.74213, 435.5114, 436.68872, 435.73907, 434.95673, 436.42438, 436.81433]
FRECHET_DISTANCE_TOUCH_ONLY_MODIFIED_BACKSPACE: [436.42615, 436.6765, 435.89474, 435.65433, 435.49887, 529.1475, 434.7563, 434.80804, 437.74213, 579.631, 436.68872, 435.73907, 434.95673, 436.42438, 436.81433]
