KEYBOARD_TYPE: tablet
PRACTICE_WORDS_PER_INPUT: 6
WORD_ORDER: [core, sue, find, mans, hailed, tin, coy, tales, sicker, shier, dipped, falls, dubbed, sires, bale]
NUMBER_OF_TIMES_PLANE_BREACHED: [1, 1, 1, 4, 1, 1, 1, 1, 2, 1, 1, 4, 1, 1, 3]
DISTANCE_TRAVELED_TOUCH_ONLY: [41.50123, 31.546122, 37.37532, 80.903175, 81.391365, 18.094465, 25.141262, 72.64287, 75.74084, 43.347496, 57.192677, 106.55852, 42.008194, 42.196056, 132.78099]
DISTANCE_TRAVELED_TOUCH_ONLY_SHORTEST: [41.50123, 31.546122, 37.37532, 80.903175, 81.391365, 18.094465, 25.141262, 72.64287, 74.89033, 43.347496, 57.192677, 106.55852, 42.008194, 42.196056, 132.78099]
TIME_DURATION_TOUCH_ONLY: [1.288277, 0.9132231, 1.2257766, 1.5699164, 2.0071557, 0.7259379, 0.7572191, 1.7885348, 2.4522011, 1.4450861, 2.3511696, 1.7888991, 1.8200473, 1.1638303, 1.5701059]
TIME_DURATION_TOUCH_ONLY_SHORTEST: [1.288277, 0.9132231, 1.2257766, 1.5699164, 2.0071557, 0.7259379, 0.7572191, 1.7885348, 1.9448737, 1.4450861, 2.3511696, 1.7888991, 1.8200473, 1.1638303, 1.5701059]
AVERAGE_PIXEL_VELOCITY: [32.44763, 34.811966, 30.672905, 26.704945, 40.791054, 25.19161, 33.52506, 40.80641, 31.095478, 30.141071, 24.409883, 29.393894, 23.164047, 36.484898, 32.923912]
REACTION_TIME_FIRST_PRESSED: [1.2387329, 1.4372098, 1.0311203, 3.999996, 1.21826, 1.0624031, 0.9373449, 1.0936098, 0.9998603, 1.000049, 0.9995653, 3.7191176, 1.4372121, 1.0936502, 4.8749475]
REACTION_TIME_FIRST_TOUCH: [1.2387329, 1.4372098, 1.0311203, 1.1561315, 1.21826, 1.0624031, 0.9373449, 1.0936098, 0.9998603, 1.000049, 0.9995653, 0.9686122, 1.4372121, 1.0936502, 1.4061257]
AVERAGE_REACTION_TIME_TO_ERRORS: [0.0, 0.0, 0.0, 1.2499369, 0.0, 0.0, 0.0, 0.0, 0.8754937, 0.0, 0.0, 1.1875583, 0.0, 0.0, 1.5936763]
TEXT_ENTRY_RATE_WPM: [27.9443, 26.280546, 29.369139, 22.931158, 29.893045, 33.06068, 31.694921, 26.83761, 24.467815, 33.216015, 25.519215, 26.832148, 32.96618, 41.24313, 22.928389]
TEXT_ENTRY_RATE_MODIFIED_WPM_SHORTEST: [27.9443, 26.280546, 29.369139, 22.931158, 29.893045, 33.06068, 31.694921, 26.83761, 30.850332, 33.216015, 25.519215, 26.832148, 32.96618, 41.24313, 22.928389]
TEXT_ENTRY_RATE_MODIFIED_WPM_VULTURE: [37.259068, 39.42082, 39.15885, 10.8750305, 35.87166, 49.591022, 47.542385, 33.547012, 29.361378, 41.520016, 30.623056, 13.217593, 39.559414, 51.553913, 9.525836]
TEXT_ENTRY_RATE_MODIFIED_WPM_SHORTEST_VULTURE: [37.259068, 39.42082, 39.15885, 10.8750305, 35.87166, 49.591022, 47.542385, 33.547012, 37.020397, 41.520016, 30.623056, 13.217593, 39.559414, 51.553913, 9.525836]
ERROR_RATE_KSPC: [1.0, 1.0, 1.0, 2.0, 1.0, 1.0, 1.0, 1.0, 1.3333334, 1.0, 1.0, 2.0, 1.0, 1.0, 2.5]
ERROR_RATE_MODIFIED_KSPC_SHORTEST: [1.0, 1.0, 1.0, 2.0, 1.0, 1.0, 1.0, 1.0, 1.0, 1.0, 1.0, 2.0, 1.0, 1.0, 2.5]
ERROR_RATE_MODIFIED_MSD_SHORTEST: [0.0, 0.0, 0.0, 0.0, 0.0, 0.0, 0.0, 0.0, 14.285715, 0.0, 0.0, 16.666668, 0.0, 0.0, 0.0]
ERROR_RATE_MODIFIED_MSD_BACKSPACE: [0.0, 0.0, 0.0, 25.0, 0.0, 0.0, 0.0, 0.0, 12.5, 0.0, 0.0, 33.333336, 0.0, 0.0, 30.000002]
TOTAL_ERROR_RATE: [0.0, 0.0, 0.0, 33.333336, 0.0, 0.0, 0.0, 0.0, 14.285715, 0.0, 0.0, 44.444447, 0.0, 0.0, 42.857143]
TOTAL_ERROR_RATE_MODIFIED_SHORTEST: [0.0, 0.0, 0.0, 33.333336, 0.0, 0.0, 0.0, 0.0, 14.285715, 0.0, 0.0, 44.444447, 0.0, 0.0, 42.857143]
TOTAL_ERROR_RATE_MODIFIED_BACKSPACE: [0.0, 0.0, 0.0, 25.0, 0.0, 0.0, 0.0, 0.0, 12.5, 0.0, 0.0, 33.333336, 0.0, 0.0, 30.000002]
FRECHET_DISTANCE_TOUCH_ONLY: [181.01105, 167.03592, 158.64742, 343.50253, 239.82077, 94.33981, 181.24017, 295.28632, 629.715, 180.01111, 237.84239, 501.06387, 143.10835, 195.02051, 462.08224]
FRECHET_DISTANCE_TOUCH_ONLY_MODIFIED_SHORTEST: [181.01105, 167.03592, 158.64742, 343.50253, 239.82077, 94.33981, 181.24017, 295.28632, 197.58795, 180.01111, 237.84239, 501.06387, 143.10835, 195.02051, 462.08224]
FRECHET_DISTANCE_TOUCH_ONLY_MODIFIED_BACKSPACE: [181.01105, 167.03592, 158.64742, 305.15897, 239.82077, 94.33981, 181.24017, 295.28632, 197.58795, 180.01111, 237.84239, 302.18414, 143.10835, 195.02051, 389.48685]
KEYBOARD_TYPE: leapSurface
PRACTICE_WORDS_PER_INPUT: 14
WORD_ORDER: [tub, docket, shies, rubs, fire, fores, rubbed, hot, dot, vale, bales, ripped, galls, mailed, owns]
NUMBER_OF_TIMES_PLANE_BREACHED: [1, 1, 1, 1, 1, 1, 1, 1, 3, 3, 1, 1, 1, 5, 3]
DISTANCE_TRAVELED_TOUCH_ONLY: [11.911973, 40.398796, 23.851496, 18.03442, 16.484146, 21.097065, 22.913836, 14.583947, 29.765465, 48.62277, 41.761715, 30.396233, 36.820263, 100.17979, 70.92713]
DISTANCE_TRAVELED_TOUCH_ONLY_SHORTEST: [11.911973, 40.398796, 23.851496, 18.03442, 16.484146, 21.097065, 22.913836, 14.583947, 20.458012, 48.62277, 41.761715, 30.396233, 36.820263, 100.17979, 70.92713]
TIME_DURATION_TOUCH_ONLY: [1.0297126, 3.4753265, 1.9910899, 1.162765, 0.9927069, 3.18401, 2.2062154, 0.95697886, 2.4567037, 1.7030851, 1.8605623, 2.0430484, 1.7358462, 2.5797217, 3.3812006]
TIME_DURATION_TOUCH_ONLY_SHORTEST: [1.0297126, 3.4753265, 1.9910899, 1.162765, 0.9927069, 3.18401, 2.2062154, 0.95697886, 1.0598799, 1.7030851, 1.8605623, 2.0430484, 1.7358462, 2.5797217, 3.3812006]
AVERAGE_PIXEL_VELOCITY: [11.711536, 11.64938, 11.922433, 15.455204, 16.479685, 6.6258183, 10.413596, 15.34418, 12.145699, 13.504694, 22.364595, 14.822394, 21.241781, 13.442505, 10.667057]
REACTION_TIME_FIRST_PRESSED: [0.98785347, 0.8834857, 0.7334695, 0.8168486, 0.7668158, 0.8502904, 0.8836259, 0.80016094, 0.8168819, 3.7013934, 0.8835619, 0.85026914, 0.8335837, 7.369676, 4.902014]
REACTION_TIME_FIRST_TOUCH: [0.98785347, 0.8834857, 0.7334695, 0.8168486, 0.7668158, 0.8502904, 0.8836259, 0.80016094, 0.8168819, 0.9502226, 0.8835619, 0.85026914, 0.8335837, 0.73350364, 0.6834714]
AVERAGE_REACTION_TIME_TO_ERRORS: [0.0, 0.0, 0.0, 0.0, 0.0, 0.0, 0.0, 0.0, 1.150384, 1.2504838, 0.0, 0.0, 0.0, 1.450626, 2.1011097]
TEXT_ENTRY_RATE_WPM: [23.307476, 17.264565, 24.1074, 30.960684, 36.26448, 15.07533, 27.195896, 25.078924, 9.769188, 21.138111, 25.79865, 29.36788, 27.65222, 23.258322, 10.647106]
TEXT_ENTRY_RATE_MODIFIED_WPM_SHORTEST: [23.307476, 17.264565, 24.1074, 30.960684, 36.26448, 15.07533, 27.195896, 25.078924, 22.644075, 21.138111, 25.79865, 29.36788, 27.65222, 23.258322, 10.647106]
TEXT_ENTRY_RATE_MODIFIED_WPM_VULTURE: [34.961216, 20.71748, 30.134247, 41.28091, 48.35264, 18.844162, 32.635075, 37.61839, 14.653781, 10.776212, 32.248318, 35.24146, 34.565273, 7.81259, 6.316003]
TEXT_ENTRY_RATE_MODIFIED_WPM_SHORTEST_VULTURE: [34.961216, 20.71748, 30.134247, 41.28091, 48.35264, 18.844162, 32.635075, 37.61839, 33.966114, 10.776212, 32.248318, 35.24146, 34.565273, 7.81259, 6.316003]
ERROR_RATE_KSPC: [1.0, 1.0, 1.0, 1.0, 1.0, 1.0, 1.0, 1.0, 2.3333333, 2.5, 1.0, 1.0, 1.0, 4.6666665, 3.5]
ERROR_RATE_MODIFIED_KSPC_SHORTEST: [1.0, 1.0, 1.0, 1.0, 1.0, 1.0, 1.0, 1.0, 1.0, 2.5, 1.0, 1.0, 1.0, 4.6666665, 3.5]
ERROR_RATE_MODIFIED_MSD_SHORTEST: [0.0, 0.0, 0.0, 0.0, 0.0, 0.0, 0.0, 0.0, 40.0, 0.0, 0.0, 0.0, 0.0, 0.0, 0.0]
ERROR_RATE_MODIFIED_MSD_BACKSPACE: [0.0, 0.0, 0.0, 0.0, 0.0, 0.0, 0.0, 0.0, 28.57143, 30.000002, 0.0, 0.0, 0.0, 39.285713, 35.714287]
TOTAL_ERROR_RATE: [0.0, 0.0, 0.0, 0.0, 0.0, 0.0, 0.0, 0.0, 40.0, 42.857143, 0.0, 0.0, 0.0, 64.70589, 55.555557]
TOTAL_ERROR_RATE_MODIFIED_SHORTEST: [0.0, 0.0, 0.0, 0.0, 0.0, 0.0, 0.0, 0.0, 40.0, 42.857143, 0.0, 0.0, 0.0, 64.70589, 55.555557]
TOTAL_ERROR_RATE_MODIFIED_BACKSPACE: [0.0, 0.0, 0.0, 0.0, 0.0, 0.0, 0.0, 0.0, 28.57143, 30.000002, 0.0, 0.0, 0.0, 39.285713, 35.714287]
FRECHET_DISTANCE_TOUCH_ONLY: [74.00795, 203.97815, 183.43622, 152.92441, 141.3095, 188.15962, 150.47633, 145.24463, 326.92755, 501.4749, 293.1351, 245.06023, 291.33322, 453.50098, 417.75436]
FRECHET_DISTANCE_TOUCH_ONLY_MODIFIED_SHORTEST: [74.00795, 203.97815, 183.43622, 152.92441, 141.3095, 188.15962, 150.47633, 145.24463, 195.2533, 501.4749, 293.1351, 245.06023, 291.33322, 453.50098, 417.75436]
FRECHET_DISTANCE_TOUCH_ONLY_MODIFIED_BACKSPACE: [74.00795, 203.97815, 183.43622, 152.92441, 141.3095, 188.15962, 150.47633, 145.24463, 195.2533, 284.89023, 293.1351, 245.06023, 291.33322, 453.50098, 417.75436]
KEYBOARD_TYPE: leapAirStatic
PRACTICE_WORDS_PER_INPUT: 7
WORD_ORDER: [gape, sir, shirt, bailed, sire, hales, rub, got, balls, sores, lane, subbed, socket, rind, yipped]
NUMBER_OF_TIMES_PLANE_BREACHED: [7, 6, 18, 11, 1, 4, 8, 7, 21, 2, 1, 13, 44, 2, 9]
DISTANCE_TRAVELED_TOUCH_ONLY: [15.446386, 25.096739, 94.81968, 55.94661, 19.847359, 37.257214, 35.954464, 15.765037, 100.17754, 33.168568, 27.224855, 100.81066, 288.31683, 30.743025, 56.89586]
DISTANCE_TRAVELED_TOUCH_ONLY_SHORTEST: [15.446386, 19.891428, 44.86601, 55.94661, 19.847359, 37.257214, 34.824894, 9.506932, 96.80385, 29.768162, 27.224855, 96.74991, 226.87164, 25.174845, 56.89586]
TIME_DURATION_TOUCH_ONLY: [3.136434, 3.812204, 12.246869, 7.5856037, 3.666777, 6.152256, 3.6631844, 3.365574, 10.532646, 5.019416, 3.7601523, 7.950162, 31.982166, 3.3872643, 9.424184]
TIME_DURATION_TOUCH_ONLY_SHORTEST: [3.136434, 3.5699208, 5.110242, 7.5856037, 3.666777, 6.152256, 3.5486083, 2.0745063, 9.905309, 4.475992, 3.7601523, 7.3937907, 24.215248, 2.8464224, 9.424184]
AVERAGE_PIXEL_VELOCITY: [4.9275823, 6.603419, 7.7500443, 7.3583975, 5.4104075, 6.03963, 6.006652, 4.3381243, 8.608239, 6.631676, 7.224846, 8.868385, 8.465869, 9.130773, 6.039997]
REACTION_TIME_FIRST_PRESSED: [11.683091, 2.6509113, 2.7677295, 21.692577, 2.2008073, 1.950756, 11.204741, 2.1508174, 13.705838, 2.0674422, 1.1670554, 8.987067, 7.136327, 2.9511416, 3.7014513]
REACTION_TIME_FIRST_TOUCH: [11.683091, 2.6509113, 2.7677295, 21.692577, 2.2008073, 1.950756, 2.7511132, 0.23336995, 0.016517553, 2.0674422, 1.1670554, 1.3838344, 1.4172498, 2.9511416, 3.7014513]
AVERAGE_REACTION_TIME_TO_ERRORS: [1.5673405, 1.7506784, 2.5310402, 1.9118906, 0.0, 2.2508469, 1.5672776, 1.7840884, 1.4617068, 1.2838684, 0.0, 1.073753, 1.6617774, 1.0671129, 1.867422]
TEXT_ENTRY_RATE_WPM: [11.4780035, 6.295571, 3.9193692, 7.90972, 9.817886, 7.802016, 6.551677, 7.131027, 4.5572596, 9.562865, 9.57408, 7.547016, 1.8760456, 10.628046, 6.3665996]
TEXT_ENTRY_RATE_MODIFIED_WPM_SHORTEST: [11.4780035, 6.722838, 9.392901, 7.90972, 9.817886, 7.802016, 6.763215, 11.569018, 4.845886, 10.72388, 9.57408, 8.114918, 2.4777777, 12.647455, 6.3665996]
TEXT_ENTRY_RATE_MODIFIED_WPM_VULTURE: [15.304004, 9.4433565, 4.8992114, 9.491664, 13.090517, 9.752521, 2.9710786, 6.8142824, 2.4770906, 11.953582, 12.765441, 4.629215, 1.9097513, 14.170728, 7.6399193]
TEXT_ENTRY_RATE_MODIFIED_WPM_SHORTEST_VULTURE: [15.304004, 10.084258, 11.741128, 9.491664, 13.090517, 9.752521, 2.9994411, 9.018141, 2.5429516, 13.404849, 12.765441, 4.800953, 2.4052656, 16.863274, 7.6399193]
ERROR_RATE_KSPC: [3.0, 3.0, 6.6, 3.0, 1.0, 2.2, 6.3333335, 2.5, 5.0, 1.4, 1.0, 4.6666665, 19.333334, 1.5, 2.7142856]
ERROR_RATE_MODIFIED_KSPC_SHORTEST: [3.0, 2.0, 2.142857, 3.0, 1.0, 2.2, 4.5, 1.0, 4.3333335, 1.0, 1.0, 3.857143, 9.0, 1.0, 2.7142856]
ERROR_RATE_MODIFIED_MSD_SHORTEST: [0.0, 25.0, 28.57143, 0.0, 0.0, 0.0, 25.0, 50.0, 44.444447, 16.666668, 0.0, 14.285715, 40.0, 20.0, 14.285715]
ERROR_RATE_MODIFIED_MSD_BACKSPACE: [33.333336, 33.333336, 42.424244, 33.333336, 0.0, 27.272728, 42.105263, 40.0, 47.5, 14.285715, 0.0, 39.285713, 47.41379, 16.666668, 36.842106]
TOTAL_ERROR_RATE: [50.0, 50.0, 73.68421, 50.0, 0.0, 37.5, 72.72727, 57.14286, 79.16667, 16.666668, 0.0, 64.70589, 90.16393, 20.0, 53.846157]
TOTAL_ERROR_RATE_MODIFIED_SHORTEST: [50.0, 50.0, 54.545456, 50.0, 0.0, 37.5, 72.72727, 50.0, 79.16667, 16.666668, 0.0, 64.70589, 88.0, 20.0, 53.846157]
TOTAL_ERROR_RATE_MODIFIED_BACKSPACE: [33.333336, 33.333336, 42.424244, 33.333336, 0.0, 27.272728, 42.105263, 40.0, 47.5, 14.285715, 0.0, 39.285713, 47.41379, 16.666668, 36.842106]
FRECHET_DISTANCE_TOUCH_ONLY: [253.31995, 621.3803, 457.04242, 506.87326, 203.15506, 415.8812, 561.0431, 591.81165, 854.3277, 860.7047, 287.06985, 674.8675, 446.19937, 643.9225, 722.71216]
FRECHET_DISTANCE_TOUCH_ONLY_MODIFIED_SHORTEST: [253.31995, 346.7999, 678.9762, 506.87326, 203.15506, 415.8812, 490.25504, 591.81165, 571.373, 233.48526, 287.06985, 541.2075, 574.8151, 152.31563, 722.71216]
FRECHET_DISTANCE_TOUCH_ONLY_MODIFIED_BACKSPACE: [253.31995, 286.9034, 323.4599, 430.12512, 203.15506, 286.95413, 302.1784, 591.81165, 404.76074, 233.48526, 287.06985, 377.35123, 368.70724, 152.31563, 722.71216]
KEYBOARD_TYPE: leapAirPinch
PRACTICE_WORDS_PER_INPUT: 7
WORD_ORDER: [games, gale, fins, rocket, sure, mane, soy, finned, gamma, shift, tipped, jailed, cores, rim, fit]
NUMBER_OF_TIMES_PLANE_BREACHED: [5, 8, 12, 3, 4, 4, 3, 1, 1, 1, 1, 1, 1, 1, 1]
DISTANCE_TRAVELED_TOUCH_ONLY: [72.62827, 96.816025, 88.2675, 45.763165, 35.08027, 50.90383, 29.330687, 24.29934, 26.76879, 19.717909, 23.158104, 35.242496, 21.273867, 14.935316, 15.490698]
DISTANCE_TRAVELED_TOUCH_ONLY_SHORTEST: [59.033787, 66.07817, 88.2675, 33.509563, 35.08027, 50.90383, 29.330687, 24.29934, 26.76879, 19.717909, 23.158104, 35.242496, 21.273867, 14.935316, 15.490698]
TIME_DURATION_TOUCH_ONLY: [5.034218, 6.049345, 8.624142, 4.827987, 3.9572258, 4.147283, 2.7302494, 3.2407274, 2.7280567, 3.2028403, 3.213218, 3.9615612, 2.8550391, 1.4521829, 1.5846227]
TIME_DURATION_TOUCH_ONLY_SHORTEST: [3.8987303, 3.8739748, 8.624142, 4.228335, 3.9572258, 4.147283, 2.7302494, 3.2407274, 2.7280567, 3.2028403, 3.213218, 3.9615612, 2.8550391, 1.4521829, 1.5846227]
AVERAGE_PIXEL_VELOCITY: [10.574534, 12.052684, 8.607539, 9.465214, 8.914558, 9.25535, 6.9875894, 7.4722605, 9.849908, 6.1603985, 7.230449, 8.917671, 7.4158583, 10.174953, 9.789374]
REACTION_TIME_FIRST_PRESSED: [6.1632943, 6.0525174, 6.152483, 2.2507932, 2.7177453, 12.872096, 6.052473, 1.6340288, 1.8005916, 1.1170409, 1.4338709, 1.7339591, 1.3985264, 1.5671633, 1.2671088]
REACTION_TIME_FIRST_TOUCH: [1.2778382, 0.26664484, 0.9502858, 2.2507932, 2.7177453, 1.5505502, 1.4171463, 1.6340288, 1.8005916, 1.1170409, 1.4338709, 1.7339591, 1.3985264, 1.5671633, 1.2671088]
AVERAGE_REACTION_TIME_TO_ERRORS: [1.3672036, 1.161604, 1.6048257, 2.9345615, 1.8674053, 0.81696635, 1.550623, 0.0, 0.0, 0.0, 0.0, 0.0, 0.0, 0.0, 0.0]
TEXT_ENTRY_RATE_WPM: [9.534748, 5.9510574, 4.1743283, 12.42754, 9.097281, 8.680382, 8.790406, 18.514362, 17.594942, 14.986697, 18.67287, 15.145545, 16.81238, 16.526844, 15.14556]
TEXT_ENTRY_RATE_MODIFIED_WPM_SHORTEST: [12.311702, 9.292781, 4.1743283, 14.189982, 9.097281, 8.680382, 8.790406, 18.514362, 17.594942, 14.986697, 18.67287, 15.145545, 16.81238, 16.526844, 15.14556]
TEXT_ENTRY_RATE_MODIFIED_WPM_VULTURE: [6.048586, 4.055692, 3.471635, 14.913047, 12.12971, 3.1030147, 4.8876014, 22.217234, 21.99368, 18.733372, 22.407444, 18.174652, 21.015474, 24.790266, 22.718342]
TEXT_ENTRY_RATE_MODIFIED_WPM_SHORTEST_VULTURE: [6.8304567, 4.9690223, 3.471635, 17.027979, 12.12971, 3.1030147, 4.8876014, 22.217234, 21.99368, 18.733372, 22.407444, 18.174652, 21.015474, 24.790266, 22.718342]
ERROR_RATE_KSPC: [3.0, 4.5, 5.5, 1.6666666, 2.0, 2.0, 1.6666666, 1.0, 1.0, 1.0, 1.0, 1.0, 1.0, 1.0, 1.0]
ERROR_RATE_MODIFIED_KSPC_SHORTEST: [1.5, 3.0, 5.5, 1.0, 2.0, 2.0, 1.6666666, 1.0, 1.0, 1.0, 1.0, 1.0, 1.0, 1.0, 1.0]
ERROR_RATE_MODIFIED_MSD_SHORTEST: [37.5, 0.0, 0.0, 25.0, 0.0, 0.0, 0.0, 0.0, 0.0, 0.0, 0.0, 0.0, 0.0, 0.0, 0.0]
ERROR_RATE_MODIFIED_MSD_BACKSPACE: [33.333336, 38.88889, 40.909092, 20.0, 25.0, 25.0, 20.0, 0.0, 0.0, 0.0, 0.0, 0.0, 0.0, 0.0, 0.0]
TOTAL_ERROR_RATE: [50.0, 63.636364, 69.230774, 25.0, 33.333336, 33.333336, 25.0, 0.0, 0.0, 0.0, 0.0, 0.0, 0.0, 0.0, 0.0]
TOTAL_ERROR_RATE_MODIFIED_SHORTEST: [50.0, 50.0, 69.230774, 25.0, 33.333336, 33.333336, 25.0, 0.0, 0.0, 0.0, 0.0, 0.0, 0.0, 0.0, 0.0]
TOTAL_ERROR_RATE_MODIFIED_BACKSPACE: [33.333336, 38.88889, 40.909092, 20.0, 25.0, 25.0, 20.0, 0.0, 0.0, 0.0, 0.0, 0.0, 0.0, 0.0, 0.0]
FRECHET_DISTANCE_TOUCH_ONLY: [559.94214, 658.4289, 559.07806, 723.9479, 603.88324, 527.1665, 528.1681, 435.14096, 436.90866, 434.89154, 434.77264, 437.51468, 438.03555, 434.71826, 437.40057]
FRECHET_DISTANCE_TOUCH_ONLY_MODIFIED_SHORTEST: [646.56915, 812.50287, 559.07806, 442.39243, 603.88324, 527.1665, 528.1681, 435.14096, 436.90866, 434.89154, 434.77264, 437.51468, 438.03555, 434.71826, 437.40057]
FRECHET_DISTANCE_TOUCH_ONLY_MODIFIED_BACKSPACE: [435.0769, 440.73807, 457.7113, 442.39243, 510.6611, 437.76678, 450.69537, 435.14096, 436.90866, 434.89154, 434.77264, 437.51468, 438.03555, 434.71826, 437.40057]
KEYBOARD_TYPE: leapAirDynamic
PRACTICE_WORDS_PER_INPUT: 4
WORD_ORDER: [gales, calls, pens, topped, tinned, due, nailed, hale, zit, shire, fires, gin, fibs, rocker, fore]
NUMBER_OF_TIMES_PLANE_BREACHED: [21, 5, 3, 1, 28, 1, 9, 1, 1, 1, 7, 2, 4, 2, 5]
DISTANCE_TRAVELED_TOUCH_ONLY: [237.87596, 47.637527, 35.455624, 20.50823, 191.73296, 13.64831, 71.162285, 21.409702, 14.703507, 13.542156, 70.08692, 26.640636, 48.4172, 37.45531, 45.63834]
DISTANCE_TRAVELED_TOUCH_ONLY_SHORTEST: [74.09928, 40.67589, 35.455624, 20.50823, 191.73296, 13.64831, 71.162285, 21.409702, 14.703507, 13.542156, 30.496653, 19.890764, 48.4172, 33.325066, 43.93759]
TIME_DURATION_TOUCH_ONLY: [30.085526, 5.575756, 3.6217706, 3.630198, 16.16957, 2.8040752, 5.1577826, 2.9121542, 1.978411, 2.6852846, 8.949387, 2.9891105, 4.2216916, 4.0944424, 2.4830391]
TIME_DURATION_TOUCH_ONLY_SHORTEST: [7.931274, 4.517437, 3.6217706, 3.630198, 16.16957, 2.8040752, 5.1577826, 2.9121542, 1.978411, 2.6852846, 3.2862358, 2.3545983, 4.2216916, 3.440522, 2.3242707]
AVERAGE_PIXEL_VELOCITY: [7.9141726, 7.288749, 6.7722526, 5.6686535, 8.357981, 4.8728476, 6.52647, 7.33494, 7.4099565, 5.0448155, 7.829274, 8.926451, 8.59346, 9.167994, 9.4735775]
REACTION_TIME_FIRST_PRESSED: [2.229401, 14.356151, 2.6176887, 1.4838326, 11.855029, 1.383845, 13.822565, 1.3337729, 1.8007016, 3.5847743, 0.7835259, 1.4671953, 6.0858436, 1.5338793, 6.0858116]
REACTION_TIME_FIRST_TOUCH: [2.229401, 1.1670711, 0.93363965, 1.4838326, 1.1504147, 1.383845, 1.1170362, 1.3337729, 1.8007016, 3.5847743, 0.7835259, 1.4671953, 0.01660573, 1.5338793, 1.0836328]
AVERAGE_REACTION_TIME_TO_ERRORS: [1.1807867, 2.1509287, 0.70023614, 0.0, 1.1037692, 0.0, 0.917042, 0.0, 0.0, 0.0, 1.4394482, 1.1338252, 1.1171328, 1.7173973, 1.6507035]
TEXT_ENTRY_RATE_WPM: [1.5954516, 8.608698, 9.93989, 16.528025, 3.7106736, 8.558971, 11.632906, 12.361983, 12.130948, 17.875202, 5.3634963, 8.029145, 8.527389, 14.65401, 14.498363]
TEXT_ENTRY_RATE_MODIFIED_WPM_SHORTEST: [6.0519915, 10.625494, 9.93989, 16.528025, 3.7106736, 8.558971, 11.632906, 12.361983, 12.130948, 17.875202, 14.606379, 10.1928215, 8.527389, 17.439215, 15.48873]
TEXT_ENTRY_RATE_MODIFIED_WPM_VULTURE: [1.9943146, 3.19747, 9.046671, 19.833632, 2.679151, 12.838457, 4.0306077, 16.482643, 18.196423, 22.344, 6.70437, 12.043716, 4.6643014, 17.584814, 6.412639]
TEXT_ENTRY_RATE_MODIFIED_WPM_SHORTEST_VULTURE: [7.5649886, 3.388583, 9.046671, 19.833632, 2.679151, 12.838457, 4.0306077, 16.482643, 18.196423, 22.344, 18.25797, 15.289232, 4.6643014, 20.927057, 6.5516047]
ERROR_RATE_KSPC: [13.4, 2.6, 2.0, 1.0, 9.857142, 1.0, 3.2857144, 1.0, 1.0, 1.0, 3.8, 1.6666666, 3.0, 1.6666666, 3.0]
ERROR_RATE_MODIFIED_KSPC_SHORTEST: [3.0, 1.5714285, 2.0, 1.0, 9.857142, 1.0, 3.2857144, 1.0, 1.0, 1.0, 1.3333334, 1.0, 3.0, 1.0, 2.2]
ERROR_RATE_MODIFIED_MSD_SHORTEST: [28.57143, 28.57143, 0.0, 0.0, 14.285715, 0.0, 14.285715, 0.0, 0.0, 0.0, 16.666668, 25.0, 0.0, 25.0, 20.0]
ERROR_RATE_MODIFIED_MSD_BACKSPACE: [46.268658, 30.769232, 25.0, 0.0, 46.376812, 0.0, 39.130436, 0.0, 0.0, 0.0, 36.842106, 20.0, 33.333336, 20.0, 33.333336]
TOTAL_ERROR_RATE: [86.11111, 44.444447, 33.333336, 0.0, 84.210526, 0.0, 60.000004, 0.0, 0.0, 0.0, 58.333332, 25.0, 50.0, 25.0, 50.0]
TOTAL_ERROR_RATE_MODIFIED_SHORTEST: [64.28571, 44.444447, 33.333336, 0.0, 84.210526, 0.0, 60.000004, 0.0, 0.0, 0.0, 28.57143, 25.0, 50.0, 25.0, 50.0]
TOTAL_ERROR_RATE_MODIFIED_BACKSPACE: [46.268658, 30.769232, 25.0, 0.0, 46.376812, 0.0, 39.130436, 0.0, 0.0, 0.0, 36.842106, 20.0, 33.333336, 20.0, 33.333336]
FRECHET_DISTANCE_TOUCH_ONLY: [794.39667, 715.6364, 285.9083, 243.74924, 452.11816, 144.54004, 449.17337, 274.90213, 216.9166, 147.69684, 740.61816, 447.64032, 498.47897, 672.36383, 822.325]
FRECHET_DISTANCE_TOUCH_ONLY_MODIFIED_SHORTEST: [869.1576, 538.6742, 285.9083, 243.74924, 452.11816, 144.54004, 449.17337, 274.90213, 216.9166, 147.69684, 851.9749, 109.79151, 498.47897, 201.83994, 361.85605]
FRECHET_DISTANCE_TOUCH_ONLY_MODIFIED_BACKSPACE: [396.36627, 289.43222, 251.23328, 243.74924, 294.6561, 144.54004, 238.41971, 274.90213, 216.9166, 147.69684, 383.93378, 109.79151, 498.47897, 201.83994, 309.54294]
KEYBOARD_TYPE: leapAirBimodal
PRACTICE_WORDS_PER_INPUT: 5
WORD_ORDER: [shied, wicker, fine, run, failed, sinned, tale, sit, dales, sites, dire, halls, hopped, pans, fir]
NUMBER_OF_TIMES_PLANE_BREACHED: [1, 1, 1, 1, 1, 1, 5, 1, 1, 1, 1, 1, 1, 7, 5]
DISTANCE_TRAVELED_TOUCH_ONLY: [22.466064, 32.010574, 28.078398, 14.371791, 29.281279, 28.89215, 51.55858, 16.570408, 25.879099, 22.528725, 19.554474, 27.091503, 24.50343, 78.363846, 47.210896]
DISTANCE_TRAVELED_TOUCH_ONLY_SHORTEST: [22.466064, 32.010574, 28.078398, 14.371791, 29.281279, 28.89215, 51.55858, 16.570408, 25.879099, 22.528725, 19.554474, 27.091503, 24.50343, 56.94778, 47.210896]
TIME_DURATION_TOUCH_ONLY: [1.9699684, 2.7134814, 1.6188302, 1.0031947, 2.4359014, 2.193534, 2.430358, 1.0220226, 1.944188, 1.8310263, 1.2152252, 1.728971, 2.1887884, 2.5972252, 1.1507249]
TIME_DURATION_TOUCH_ONLY_SHORTEST: [1.9699684, 2.7134814, 1.6188302, 1.0031947, 2.4359014, 2.193534, 2.430358, 1.0220226, 1.944188, 1.8310263, 1.2152252, 1.728971, 2.1887884, 2.3657348, 1.1507249]
AVERAGE_PIXEL_VELOCITY: [11.410692, 11.778057, 17.186539, 14.356649, 11.951027, 13.118649, 21.050406, 16.031599, 13.37968, 12.384085, 16.08214, 15.629816, 11.130091, 30.28791, 42.29154]
REACTION_TIME_FIRST_PRESSED: [2.395607, 1.6505793, 1.0837244, 1.1337359, 1.2004372, 0.9002521, 1.1670057, 1.5338324, 1.0503807, 1.350415, 0.9169085, 1.2170527, 1.133723, 1.2337381, 1.0003211]
REACTION_TIME_FIRST_TOUCH: [2.395607, 1.6505793, 1.0837244, 1.1337359, 1.2004372, 0.9002521, 1.1670057, 1.5338324, 1.0503807, 1.350415, 0.9169085, 1.2170527, 1.133723, 1.2337381, 1.0003211]
AVERAGE_REACTION_TIME_TO_ERRORS: [0.0, 0.0, 0.0, 0.0, 0.0, 0.0, 1.1671504, 0.0, 0.0, 0.0, 0.0, 0.0, 0.0, 1.4088912, 1.0670606]
TEXT_ENTRY_RATE_WPM: [24.365873, 22.111814, 22.238281, 23.923573, 24.63154, 27.353123, 14.812633, 23.482847, 24.68897, 26.214808, 29.62414, 27.762177, 27.412424, 13.860947, 20.856419]
TEXT_ENTRY_RATE_MODIFIED_WPM_SHORTEST: [24.365873, 22.111814, 22.238281, 23.923573, 24.63154, 27.353123, 14.812633, 23.482847, 24.68897, 26.214808, 29.62414, 27.762177, 27.412424, 15.217259, 20.856419]
TEXT_ENTRY_RATE_MODIFIED_WPM_VULTURE: [30.45734, 26.53418, 29.651041, 35.885357, 29.557846, 32.823746, 19.75018, 35.22427, 30.861212, 32.76851, 39.49885, 34.702724, 32.894913, 18.481262, 31.284628]
TEXT_ENTRY_RATE_MODIFIED_WPM_SHORTEST_VULTURE: [30.45734, 26.53418, 29.651041, 35.885357, 29.557846, 32.823746, 19.75018, 35.22427, 30.861212, 32.76851, 39.49885, 34.702724, 32.894913, 20.289679, 31.284628]
ERROR_RATE_KSPC: [1.0, 1.0, 1.0, 1.0, 1.0, 1.0, 2.0, 1.0, 1.0, 1.0, 1.0, 1.0, 1.0, 3.0, 2.3333333]
ERROR_RATE_MODIFIED_KSPC_SHORTEST: [1.0, 1.0, 1.0, 1.0, 1.0, 1.0, 2.0, 1.0, 1.0, 1.0, 1.0, 1.0, 1.0, 1.6666666, 2.3333333]
ERROR_RATE_MODIFIED_MSD_SHORTEST: [0.0, 0.0, 0.0, 0.0, 0.0, 0.0, 0.0, 0.0, 0.0, 0.0, 0.0, 0.0, 0.0, 33.333336, 0.0]
ERROR_RATE_MODIFIED_MSD_BACKSPACE: [0.0, 0.0, 0.0, 0.0, 0.0, 0.0, 25.0, 0.0, 0.0, 0.0, 0.0, 0.0, 0.0, 33.333336, 28.57143]
TOTAL_ERROR_RATE: [0.0, 0.0, 0.0, 0.0, 0.0, 0.0, 33.333336, 0.0, 0.0, 0.0, 0.0, 0.0, 0.0, 50.0, 40.0]
TOTAL_ERROR_RATE_MODIFIED_SHORTEST: [0.0, 0.0, 0.0, 0.0, 0.0, 0.0, 33.333336, 0.0, 0.0, 0.0, 0.0, 0.0, 0.0, 50.0, 40.0]
TOTAL_ERROR_RATE_MODIFIED_BACKSPACE: [0.0, 0.0, 0.0, 0.0, 0.0, 0.0, 25.0, 0.0, 0.0, 0.0, 0.0, 0.0, 0.0, 33.333336, 28.57143]
FRECHET_DISTANCE_TOUCH_ONLY: [173.16776, 249.01553, 242.21951, 128.54774, 261.59424, 263.41925, 539.37897, 242.69943, 285.86575, 273.65634, 313.1623, 292.95178, 323.76398, 515.0788, 480.73193]
FRECHET_DISTANCE_TOUCH_ONLY_MODIFIED_SHORTEST: [173.16776, 249.01553, 242.21951, 128.54774, 261.59424, 263.41925, 539.37897, 242.69943, 285.86575, 273.65634, 313.1623, 292.95178, 323.76398, 515.0788, 480.73193]
FRECHET_DISTANCE_TOUCH_ONLY_MODIFIED_BACKSPACE: [173.16776, 249.01553, 242.21951, 128.54774, 261.59424, 263.41925, 287.6898, 242.69943, 285.86575, 273.65634, 313.1623, 292.95178, 323.76398, 399.5128, 321.6822]
