KEYBOARD_TYPE: controller
PRACTICE_WORDS_PER_INPUT: 3
WORD_ORDER: [tippee, calls, fie, docker, rub, fibs, dubbed, gapes, shied, pans]
NUMBER_OF_TIMES_PLANE_BREACHED: [1, 1, 1, 1, 1, 1, 1, 1, 1, 1]
DISTANCE_TRAVELED_TOUCH_ONLY: [18.414978, 16.218939, 28.49559, 46.24911, 11.324153, 26.008509, 38.78787, 20.531641, 23.600803, 27.25205]
DISTANCE_TRAVELED_TOUCH_ONLY_SHORTEST: [18.414978, 16.218939, 28.49559, 46.24911, 11.324153, 26.008509, 38.78787, 20.531641, 23.600803, 27.25205]
TIME_DURATION_TOUCH_ONLY: [4.8255754, 4.5206957, 6.1311054, 9.013589, 2.7454717, 4.782308, 8.586536, 5.0172906, 4.392554, 5.901882]
TIME_DURATION_TOUCH_ONLY_SHORTEST: [4.8255754, 4.5206957, 6.1311054, 9.013589, 2.7454717, 4.782308, 8.586536, 5.0172906, 4.392554, 5.901882]
AVERAGE_PIXEL_VELOCITY: [5.8645024, 5.7645807, 6.511514, 7.8138914, 6.3541985, 6.759484, 6.507477, 6.1447525, 14.459146, 6.0288343]
REACTION_TIME_FIRST_PRESSED: [1.5122808, 1.3005509, 1.2838635, 1.0004121, 0.9003423, 1.300463, 1.0004375, 1.2672387, 0.8003205, 2.0842605]
REACTION_TIME_FIRST_TOUCH: [0.51181316, 0.7836599, 0.8002918, 0.75029653, 0.9003423, 0.73352325, 0.6836256, 0.80027413, 0.8003205, 0.9170689]
AVERAGE_REACTION_TIME_TO_ERRORS: [0.0, 0.0, 1.8008547, 0.0, 0.0, 0.0, 0.9499934, 0.0, 0.0, 0.0]
TEXT_ENTRY_RATE_WPM: [15.685834, 11.988597, 4.249643, 6.8466005, 8.741668, 8.540179, 7.255381, 10.548694, 10.927585, 7.603453]
TEXT_ENTRY_RATE_MODIFIED_WPM_SHORTEST: [15.685834, 11.988597, 4.249643, 6.8466005, 8.741668, 8.540179, 7.255381, 10.548694, 10.927585, 7.603453]
TEXT_ENTRY_RATE_MODIFIED_WPM_VULTURE: [12.358302, 11.910465, 5.4424424, 7.772269, 13.1125, 8.973224, 8.086846, 10.94041, 13.659479, 6.7901397]
TEXT_ENTRY_RATE_MODIFIED_WPM_SHORTEST_VULTURE: [12.358302, 11.910465, 5.4424424, 7.772269, 13.1125, 8.973224, 8.086846, 10.94041, 13.659479, 6.7901397]
ERROR_RATE_KSPC: [1.0, 1.0, 1.6666666, 1.0, 1.0, 1.0, 1.3333334, 1.0, 1.0, 1.0]
ERROR_RATE_MODIFIED_KSPC_SHORTEST: [1.0, 1.0, 1.6666666, 1.0, 1.0, 1.0, 1.3333334, 1.0, 1.0, 1.0]
ERROR_RATE_MODIFIED_MSD_SHORTEST: [0.0, 0.0, 0.0, 0.0, 0.0, 0.0, 0.0, 0.0, 0.0, 0.0]
ERROR_RATE_MODIFIED_MSD_BACKSPACE: [0.0, 0.0, 20.0, 0.0, 0.0, 0.0, 12.5, 0.0, 0.0, 0.0]
TOTAL_ERROR_RATE: [0.0, 0.0, 25.0, 0.0, 0.0, 0.0, 14.285715, 0.0, 0.0, 0.0]
TOTAL_ERROR_RATE_MODIFIED_SHORTEST: [0.0, 0.0, 25.0, 0.0, 0.0, 0.0, 14.285715, 0.0, 0.0, 0.0]
TOTAL_ERROR_RATE_MODIFIED_BACKSPACE: [0.0, 0.0, 20.0, 0.0, 0.0, 0.0, 12.5, 0.0, 0.0, 0.0]
FRECHET_DISTANCE_TOUCH_ONLY: [116.0, 69.0, 242.04338, 174.0, 116.0, 138.0, 187.18173, 116.0, 232.0, 134.97037]
FRECHET_DISTANCE_TOUCH_ONLY_MODIFIED_SHORTEST: [116.0, 69.0, 134.97037, 174.0, 116.0, 138.0, 138.0, 116.0, 232.0, 134.97037]
FRECHET_DISTANCE_TOUCH_ONLY_MODIFIED_BACKSPACE: [116.0, 69.0, 134.97037, 174.0, 116.0, 138.0, 149.69302, 116.0, 232.0, 134.97037]
KEYBOARD_TYPE: tablet
PRACTICE_WORDS_PER_INPUT: 3
WORD_ORDER: [ginned, dales, tin, ripped, dicker, falls, shirt, hot, owns, fins]
NUMBER_OF_TIMES_PLANE_BREACHED: [1, 1, 1, 1, 1, 1, 1, 1, 3, 3]
DISTANCE_TRAVELED_TOUCH_ONLY: [22.41988, 36.61691, 9.213935, 33.36777, 39.658363, 36.860947, 21.272217, 11.613792, 68.873695, 36.250404]
DISTANCE_TRAVELED_TOUCH_ONLY_SHORTEST: [22.41988, 36.61691, 9.213935, 33.36777, 39.658363, 36.860947, 21.272217, 11.613792, 68.873695, 36.250404]
TIME_DURATION_TOUCH_ONLY: [1.6261454, 1.8722478, 0.5638113, 1.6575027, 1.9076251, 1.4700395, 1.1892016, 0.62635225, 1.845212, 1.4390414]
TIME_DURATION_TOUCH_ONLY_SHORTEST: [1.6261454, 1.8722478, 0.5638113, 1.6575027, 1.9076251, 1.4700395, 1.1892016, 0.62635225, 1.845212, 1.4390414]
AVERAGE_PIXEL_VELOCITY: [13.811941, 19.553614, 16.37369, 20.139729, 20.872952, 25.078915, 17.961706, 20.683214, 17.345907, 12.904834]
REACTION_TIME_FIRST_PRESSED: [2.0511374, 1.2506111, 1.0622742, 1.2184509, 1.1252047, 0.968401, 0.9998341, 1.0624458, 5.312626, 4.187646]
REACTION_TIME_FIRST_TOUCH: [2.0511374, 1.2506111, 1.0622742, 1.2184509, 1.1252047, 0.968401, 0.9998341, 1.0624458, 1.0310898, 1.0936007]
AVERAGE_REACTION_TIME_TO_ERRORS: [0.0, 0.0, 0.0, 0.0, 0.0, 0.0, 0.0, 0.0, 2.4374166, 1.2812053]
TEXT_ENTRY_RATE_WPM: [36.89707, 25.637632, 42.567432, 36.19904, 31.452723, 32.652187, 40.363216, 38.317097, 19.509954, 25.016653]
TEXT_ENTRY_RATE_MODIFIED_WPM_SHORTEST: [36.89707, 25.637632, 42.567432, 36.19904, 31.452723, 32.652187, 40.363216, 38.317097, 19.509954, 25.016653]
TEXT_ENTRY_RATE_MODIFIED_WPM_VULTURE: [44.276485, 32.04704, 63.851147, 43.438847, 37.743267, 40.81523, 50.45402, 57.475647, 7.834499, 10.588812]
TEXT_ENTRY_RATE_MODIFIED_WPM_SHORTEST_VULTURE: [44.276485, 32.04704, 63.851147, 43.438847, 37.743267, 40.81523, 50.45402, 57.475647, 7.834499, 10.588812]
ERROR_RATE_KSPC: [1.0, 1.0, 1.0, 1.0, 1.0, 1.0, 1.0, 1.0, 3.0, 2.5]
ERROR_RATE_MODIFIED_KSPC_SHORTEST: [1.0, 1.0, 1.0, 1.0, 1.0, 1.0, 1.0, 1.0, 3.0, 2.5]
ERROR_RATE_MODIFIED_MSD_SHORTEST: [0.0, 0.0, 0.0, 0.0, 0.0, 0.0, 0.0, 0.0, 0.0, 0.0]
ERROR_RATE_MODIFIED_MSD_BACKSPACE: [0.0, 0.0, 0.0, 0.0, 0.0, 0.0, 0.0, 0.0, 33.333336, 30.000002]
TOTAL_ERROR_RATE: [0.0, 0.0, 0.0, 0.0, 0.0, 0.0, 0.0, 0.0, 50.0, 42.857143]
TOTAL_ERROR_RATE_MODIFIED_SHORTEST: [0.0, 0.0, 0.0, 0.0, 0.0, 0.0, 0.0, 0.0, 50.0, 42.857143]
TOTAL_ERROR_RATE_MODIFIED_BACKSPACE: [0.0, 0.0, 0.0, 0.0, 0.0, 0.0, 0.0, 0.0, 33.333336, 30.000002]
FRECHET_DISTANCE_TOUCH_ONLY: [169.38713, 286.08566, 99.18165, 253.0336, 209.0287, 273.00183, 147.49237, 140.43147, 397.8467, 366.14886]
FRECHET_DISTANCE_TOUCH_ONLY_MODIFIED_SHORTEST: [169.38713, 286.08566, 99.18165, 253.0336, 209.0287, 273.00183, 147.49237, 140.43147, 397.8467, 366.14886]
FRECHET_DISTANCE_TOUCH_ONLY_MODIFIED_BACKSPACE: [169.38713, 286.08566, 99.18165, 253.0336, 209.0287, 273.00183, 147.49237, 140.43147, 397.8467, 283.52426]
KEYBOARD_TYPE: leapSurface
PRACTICE_WORDS_PER_INPUT: 9
WORD_ORDER: [vales, yipped, fit, agues, pens, calla, sinned, tim, docked, rind]
NUMBER_OF_TIMES_PLANE_BREACHED: [1, 1, 1, 6, 4, 1, 1, 1, 10, 1]
DISTANCE_TRAVELED_TOUCH_ONLY: [44.3602, 27.722065, 17.21677, 26.959969, 37.772675, 40.78608, 27.857645, 12.992261, 64.07868, 22.15829]
DISTANCE_TRAVELED_TOUCH_ONLY_SHORTEST: [44.3602, 27.722065, 17.21677, 26.959969, 37.772675, 40.78608, 27.857645, 12.992261, 64.07868, 22.15829]
TIME_DURATION_TOUCH_ONLY: [3.1275802, 2.4803712, 1.8181934, 2.7987561, 2.6016984, 3.5468283, 3.046939, 1.4075979, 6.0361004, 2.1621602]
TIME_DURATION_TOUCH_ONLY_SHORTEST: [3.1275802, 2.4803712, 1.8181934, 2.7987561, 2.6016984, 3.5468283, 3.046939, 1.4075979, 6.0361004, 2.1621602]
AVERAGE_PIXEL_VELOCITY: [14.15232, 11.159658, 9.473387, 9.629335, 11.111079, 11.483724, 9.130976, 9.2766905, 10.618771, 10.223271]
REACTION_TIME_FIRST_PRESSED: [3.0760646, 1.383837, 1.0670792, 1.6672684, 4.285073, 1.7840669, 1.9174145, 1.3505276, 1.5171943, 1.2337943]
REACTION_TIME_FIRST_TOUCH: [3.0760646, 1.383837, 1.0670792, 1.6672684, 1.783929, 1.7840669, 1.9174145, 1.3505276, 1.5171943, 1.2337943]
AVERAGE_REACTION_TIME_TO_ERRORS: [0.0, 0.0, 0.0, 1.6590056, 1.3506079, 0.0, 0.0, 0.0, 1.592294, 0.0]
TEXT_ENTRY_RATE_WPM: [15.347328, 24.189926, 13.199916, 17.150476, 13.837114, 13.533218, 19.691895, 17.050323, 9.940192, 16.650015]
TEXT_ENTRY_RATE_MODIFIED_WPM_SHORTEST: [15.347328, 24.189926, 13.199916, 17.150476, 13.837114, 13.533218, 19.691895, 17.050323, 9.940192, 16.650015]
TEXT_ENTRY_RATE_MODIFIED_WPM_VULTURE: [19.18416, 29.027914, 19.799873, 21.438095, 9.406523, 16.916523, 23.630276, 25.575485, 11.928231, 22.20002]
TEXT_ENTRY_RATE_MODIFIED_WPM_SHORTEST_VULTURE: [19.18416, 29.027914, 19.799873, 21.438095, 9.406523, 16.916523, 23.630276, 25.575485, 11.928231, 22.20002]
ERROR_RATE_KSPC: [1.0, 1.0, 1.0, 1.8, 2.0, 1.0, 1.0, 1.0, 2.6666667, 1.0]
ERROR_RATE_MODIFIED_KSPC_SHORTEST: [1.0, 1.0, 1.0, 1.8, 2.0, 1.0, 1.0, 1.0, 2.6666667, 1.0]
ERROR_RATE_MODIFIED_MSD_SHORTEST: [0.0, 0.0, 0.0, 0.0, 0.0, 0.0, 0.0, 0.0, 0.0, 0.0]
ERROR_RATE_MODIFIED_MSD_BACKSPACE: [0.0, 0.0, 0.0, 22.222223, 25.0, 0.0, 0.0, 0.0, 31.25, 0.0]
TOTAL_ERROR_RATE: [0.0, 0.0, 0.0, 28.57143, 33.333336, 0.0, 0.0, 0.0, 45.454548, 0.0]
TOTAL_ERROR_RATE_MODIFIED_SHORTEST: [0.0, 0.0, 0.0, 28.57143, 33.333336, 0.0, 0.0, 0.0, 45.454548, 0.0]
TOTAL_ERROR_RATE_MODIFIED_BACKSPACE: [0.0, 0.0, 0.0, 22.222223, 25.0, 0.0, 0.0, 0.0, 31.25, 0.0]
FRECHET_DISTANCE_TOUCH_ONLY: [295.418, 252.58127, 133.69615, 425.685, 251.62216, 292.07474, 206.36348, 111.70262, 400.07553, 150.02332]
FRECHET_DISTANCE_TOUCH_ONLY_MODIFIED_SHORTEST: [295.418, 252.58127, 133.69615, 425.685, 251.62216, 292.07474, 206.36348, 111.70262, 400.07553, 150.02332]
FRECHET_DISTANCE_TOUCH_ONLY_MODIFIED_BACKSPACE: [295.418, 252.58127, 133.69615, 264.77396, 251.62216, 292.07474, 206.36348, 111.70262, 315.57108, 150.02332]
KEYBOARD_TYPE: leapAirStatic
PRACTICE_WORDS_PER_INPUT: 5
WORD_ORDER: [rube, shier, tilled, galls, hales, tot, pelf, rubbed, cocker, etc]
NUMBER_OF_TIMES_PLANE_BREACHED: [7, 4, 5, 4, 2, 3, 3, 3, 13, 2]
DISTANCE_TRAVELED_TOUCH_ONLY: [28.397547, 37.077442, 39.96826, 38.10676, 51.260696, 25.86098, 48.764027, 25.931206, 86.61712, 15.782026]
DISTANCE_TRAVELED_TOUCH_ONLY_SHORTEST: [24.536074, 37.077442, 39.96826, 38.10676, 47.756718, 25.86098, 48.764027, 25.931206, 80.8149, 13.040084]
TIME_DURATION_TOUCH_ONLY: [3.3367062, 3.7004728, 3.881835, 2.3116481, 3.4899347, 1.2685195, 2.6511996, 3.1814911, 7.6388855, 2.0674186]
TIME_DURATION_TOUCH_ONLY_SHORTEST: [2.6192365, 3.7004728, 3.881835, 2.3116481, 3.0941126, 1.2685195, 2.6511996, 3.1814911, 6.669717, 1.7536875]
AVERAGE_PIXEL_VELOCITY: [8.561833, 9.972827, 10.334237, 16.564863, 14.640236, 11.575734, 16.245659, 8.143409, 11.322109, 7.6329303]
REACTION_TIME_FIRST_PRESSED: [2.5766141, 1.8340491, 1.4337693, 1.1504443, 1.8674008, 5.152201, 2.9344845, 1.1337094, 1.7506504, 2.117488]
REACTION_TIME_FIRST_TOUCH: [2.5766141, 1.8340491, 1.4337693, 1.1504443, 1.8674008, 2.017452, 0.033240188, 1.1337094, 1.7506504, 2.117488]
AVERAGE_REACTION_TIME_TO_ERRORS: [1.5589848, 1.5175294, 1.3005842, 1.216742, 1.1670966, 1.3171526, 1.3338903, 1.3672204, 1.0670699, 1.3838606]
TEXT_ENTRY_RATE_WPM: [10.7890835, 12.971316, 15.456607, 20.764406, 13.7538395, 18.919693, 13.578758, 18.859081, 7.854549, 11.60868]
TEXT_ENTRY_RATE_MODIFIED_WPM_SHORTEST: [13.744463, 12.971316, 15.456607, 20.764406, 15.513333, 18.919693, 13.578758, 18.859081, 8.995885, 13.68545]
TEXT_ENTRY_RATE_MODIFIED_WPM_VULTURE: [14.385444, 16.214144, 18.54793, 25.955505, 17.192299, 8.175745, 8.644842, 22.630898, 9.425459, 17.413021]
TEXT_ENTRY_RATE_MODIFIED_WPM_SHORTEST_VULTURE: [18.32595, 16.214144, 18.54793, 25.955505, 19.391666, 8.175745, 8.644842, 22.630898, 10.795061, 20.528173]
ERROR_RATE_KSPC: [3.0, 2.2, 2.0, 1.8, 1.4, 2.3333333, 1.5, 1.3333334, 4.0, 1.6666666]
ERROR_RATE_MODIFIED_KSPC_SHORTEST: [1.6666666, 2.2, 2.0, 1.8, 1.0, 2.3333333, 1.5, 1.3333334, 2.75, 1.0]
ERROR_RATE_MODIFIED_MSD_SHORTEST: [33.333336, 0.0, 0.0, 0.0, 16.666668, 0.0, 0.0, 0.0, 25.0, 25.0]
ERROR_RATE_MODIFIED_MSD_BACKSPACE: [33.333336, 27.272728, 25.0, 22.222223, 14.285715, 28.57143, 16.666668, 12.5, 37.5, 20.0]
TOTAL_ERROR_RATE: [50.0, 37.5, 33.333336, 28.57143, 16.666668, 40.0, 20.0, 14.285715, 60.000004, 25.0]
TOTAL_ERROR_RATE_MODIFIED_SHORTEST: [50.0, 37.5, 33.333336, 28.57143, 16.666668, 40.0, 20.0, 14.285715, 60.000004, 25.0]
TOTAL_ERROR_RATE_MODIFIED_BACKSPACE: [33.333336, 27.272728, 25.0, 22.222223, 14.285715, 28.57143, 16.666668, 12.5, 37.5, 20.0]
FRECHET_DISTANCE_TOUCH_ONLY: [465.61462, 356.8464, 353.76678, 297.04022, 705.4789, 355.66446, 388.43878, 486.40964, 370.3404, 606.5734]
FRECHET_DISTANCE_TOUCH_ONLY_MODIFIED_SHORTEST: [465.61462, 356.8464, 353.76678, 297.04022, 293.9309, 355.66446, 388.43878, 486.40964, 370.3404, 92.51007]
FRECHET_DISTANCE_TOUCH_ONLY_MODIFIED_BACKSPACE: [188.34381, 361.1135, 234.7682, 294.08664, 293.9309, 147.83635, 388.43878, 146.03967, 363.3984, 92.51007]
KEYBOARD_TYPE: leapAirPinch
PRACTICE_WORDS_PER_INPUT: 9
WORD_ORDER: [rocker, gin, yippee, gaols, kans, sue, find, games, shire, dunned]
NUMBER_OF_TIMES_PLANE_BREACHED: [4, 3, 1, 1, 4, 2, 4, 6, 5, 1]
DISTANCE_TRAVELED_TOUCH_ONLY: [74.771194, 41.147614, 33.57575, 48.771465, 97.24402, 34.352116, 51.131596, 100.57684, 90.52292, 37.0213]
DISTANCE_TRAVELED_TOUCH_ONLY_SHORTEST: [74.771194, 41.147614, 33.57575, 48.771465, 83.796555, 33.549545, 37.05975, 96.73357, 90.52292, 37.0213]
TIME_DURATION_TOUCH_ONLY: [6.4084034, 1.485393, 3.2279494, 3.8449767, 4.0944247, 2.0872128, 3.0701077, 5.7521963, 2.8334818, 3.2614198]
TIME_DURATION_TOUCH_ONLY_SHORTEST: [6.4084034, 1.485393, 3.2279494, 3.8449767, 3.9392495, 2.0411723, 2.5394726, 5.5629296, 2.8334818, 3.2614198]
AVERAGE_PIXEL_VELOCITY: [11.650647, 19.416193, 10.381149, 12.674373, 23.815561, 16.451344, 16.685362, 17.196184, 23.408916, 11.338112]
REACTION_TIME_FIRST_PRESSED: [2.158006, 3.5513532, 1.1169894, 1.7339815, 2.284247, 1.3671311, 1.3338019, 2.1674688, 5.902534, 1.9174706]
REACTION_TIME_FIRST_TOUCH: [2.158006, 1.1169902, 1.1169894, 1.7339815, 2.284247, 1.3671311, 0.13324974, 0.16663784, 1.4338894, 1.9174706]
AVERAGE_REACTION_TIME_TO_ERRORS: [1.1337638, 1.1003819, 0.0, 0.0, 2.0925324, 1.7673255, 2.1008713, 1.6173961, 1.3671888, 0.0]
TEXT_ENTRY_RATE_WPM: [9.362706, 16.15734, 18.587652, 12.483821, 8.792444, 11.498588, 11.725973, 8.344639, 16.94029, 18.396894]
TEXT_ENTRY_RATE_MODIFIED_WPM_SHORTEST: [9.362706, 16.15734, 18.587652, 12.483821, 9.138797, 11.75795, 14.176172, 8.628547, 16.94029, 18.396894]
TEXT_ENTRY_RATE_MODIFIED_WPM_VULTURE: [11.235248, 9.184245, 22.305183, 15.604776, 11.723259, 17.247883, 11.239481, 7.738913, 8.2167845, 22.076277]
TEXT_ENTRY_RATE_MODIFIED_WPM_SHORTEST_VULTURE: [11.235248, 9.184245, 22.305183, 15.604776, 12.185062, 17.636923, 12.83414, 7.9325614, 8.2167845, 22.076277]
ERROR_RATE_KSPC: [1.6666666, 1.6666666, 1.0, 1.0, 2.5, 1.6666666, 2.0, 2.6666667, 1.8, 1.0]
ERROR_RATE_MODIFIED_KSPC_SHORTEST: [1.6666666, 1.6666666, 1.0, 1.0, 1.8, 1.0, 1.0, 2.142857, 1.8, 1.0]
ERROR_RATE_MODIFIED_MSD_SHORTEST: [0.0, 0.0, 0.0, 0.0, 20.0, 25.0, 33.333336, 28.57143, 0.0, 0.0]
ERROR_RATE_MODIFIED_MSD_BACKSPACE: [20.0, 20.0, 0.0, 0.0, 30.000002, 20.0, 25.0, 37.5, 22.222223, 0.0]
TOTAL_ERROR_RATE: [25.0, 25.0, 0.0, 0.0, 42.857143, 25.0, 33.333336, 54.545456, 28.57143, 0.0]
TOTAL_ERROR_RATE_MODIFIED_SHORTEST: [25.0, 25.0, 0.0, 0.0, 42.857143, 25.0, 33.333336, 54.545456, 28.57143, 0.0]
TOTAL_ERROR_RATE_MODIFIED_BACKSPACE: [20.0, 20.0, 0.0, 0.0, 30.000002, 20.0, 25.0, 37.5, 22.222223, 0.0]
FRECHET_DISTANCE_TOUCH_ONLY: [436.13486, 438.7233, 436.06732, 434.8953, 800.7899, 667.11304, 816.00806, 699.593, 559.2106, 440.80133]
FRECHET_DISTANCE_TOUCH_ONLY_MODIFIED_SHORTEST: [436.13486, 438.7233, 436.06732, 434.8953, 563.6237, 448.8995, 680.2938, 699.593, 559.2106, 440.80133]
FRECHET_DISTANCE_TOUCH_ONLY_MODIFIED_BACKSPACE: [436.13486, 438.7233, 436.06732, 434.8953, 456.52527, 448.8995, 680.2938, 699.593, 537.2394, 440.80133]
KEYBOARD_TYPE: leapAirDynamic
PRACTICE_WORDS_PER_INPUT: 12
WORD_ORDER: [fir, rubs, gales, shirr, balls, jane, hipped, docket, subbed, yin]
NUMBER_OF_TIMES_PLANE_BREACHED: [10, 1, 1, 4, 3, 13, 11, 1, 17, 4]
DISTANCE_TRAVELED_TOUCH_ONLY: [93.801254, 27.313723, 43.350662, 47.059822, 50.008675, 99.31465, 66.84614, 43.838814, 204.96158, 23.222599]
DISTANCE_TRAVELED_TOUCH_ONLY_SHORTEST: [4.2275066, 27.313723, 43.350662, 47.059822, 50.008675, 94.20988, 66.84614, 43.838814, 204.96158, 16.799746]
TIME_DURATION_TOUCH_ONLY: [6.8653045, 3.3638206, 4.068507, 4.908677, 3.0761786, 3.2477465, 2.3474576, 4.6734004, 3.8546295, 2.887412]
TIME_DURATION_TOUCH_ONLY_SHORTEST: [0.64841616, 3.3638206, 4.068507, 4.908677, 3.0761786, 2.7364764, 2.3474576, 4.6734004, 3.8546295, 1.9613491]
AVERAGE_PIXEL_VELOCITY: [13.691067, 8.110877, 10.65473, 9.602409, 15.337769, 11.721711, 10.338156, 9.390793, 14.205592, 8.006532]
REACTION_TIME_FIRST_PRESSED: [3.2622657, 1.6005836, 1.6673217, 1.4671854, 3.6181476, 13.789411, 15.656875, 2.000737, 47.20441, 1.2171135]
REACTION_TIME_FIRST_TOUCH: [3.2622657, 1.6005836, 1.6673217, 1.4671854, 3.6181476, 0.80024856, 0.04985758, 2.000737, 1.500552, 1.2171135]
AVERAGE_REACTION_TIME_TO_ERRORS: [1.5631474, 0.0, 0.0, 1.8507874, 2.9012642, 1.9675149, 3.3848193, 0.0, 6.5995893, 2.6177924]
TEXT_ENTRY_RATE_WPM: [3.4958394, 10.702117, 11.797938, 9.778603, 15.603777, 11.084609, 25.559568, 12.838617, 15.565699, 8.311942]
TEXT_ENTRY_RATE_MODIFIED_WPM_SHORTEST: [37.013268, 10.702117, 11.797938, 9.778603, 15.603777, 13.155604, 25.559568, 12.838617, 15.565699, 12.236475]
TEXT_ENTRY_RATE_MODIFIED_WPM_VULTURE: [5.2437587, 14.269488, 14.747423, 12.223253, 19.50472, 2.956228, 4.0101423, 15.406342, 1.4528289, 12.467912]
TEXT_ENTRY_RATE_MODIFIED_WPM_SHORTEST_VULTURE: [55.519905, 14.269488, 14.747423, 12.223253, 19.50472, 3.0523403, 4.0101423, 15.406342, 1.4528289, 18.354712]
ERROR_RATE_KSPC: [7.0, 1.0, 1.0, 3.0, 1.4, 6.0, 3.0, 1.0, 6.3333335, 2.3333333]
ERROR_RATE_MODIFIED_KSPC_SHORTEST: [1.0, 1.0, 1.0, 3.0, 1.4, 4.6, 3.0, 1.0, 6.3333335, 1.0]
ERROR_RATE_MODIFIED_MSD_SHORTEST: [40.0, 0.0, 0.0, 0.0, 0.0, 20.0, 0.0, 0.0, 0.0, 25.0]
ERROR_RATE_MODIFIED_MSD_BACKSPACE: [42.857143, 0.0, 0.0, 33.333336, 14.285715, 41.666664, 33.333336, 0.0, 42.105263, 28.57143]
TOTAL_ERROR_RATE: [75.0, 0.0, 0.0, 50.0, 16.666668, 71.42857, 50.0, 0.0, 72.72727, 40.0]
TOTAL_ERROR_RATE_MODIFIED_SHORTEST: [40.0, 0.0, 0.0, 50.0, 16.666668, 71.42857, 50.0, 0.0, 72.72727, 25.0]
TOTAL_ERROR_RATE_MODIFIED_BACKSPACE: [42.857143, 0.0, 0.0, 33.333336, 14.285715, 41.666664, 33.333336, 0.0, 42.105263, 28.57143]
FRECHET_DISTANCE_TOUCH_ONLY: [424.7668, 150.86732, 292.36182, 363.01807, 295.29425, 624.14746, 336.43396, 207.75378, 495.55234, 371.7042]
FRECHET_DISTANCE_TOUCH_ONLY_MODIFIED_SHORTEST: [77.94814, 150.86732, 292.36182, 363.01807, 295.29425, 473.09998, 336.43396, 207.75378, 495.55234, 204.6259]
FRECHET_DISTANCE_TOUCH_ONLY_MODIFIED_BACKSPACE: [328.71204, 150.86732, 292.36182, 318.96848, 417.7079, 250.65285, 336.43396, 207.75378, 387.42703, 204.6259]
KEYBOARD_TYPE: leapAirBimodal
PRACTICE_WORDS_PER_INPUT: 9
WORD_ORDER: [mans, whiff, tom, got, sicker, dubs, dinned, topped, yells, galea]
NUMBER_OF_TIMES_PLANE_BREACHED: [1, 1, 1, 1, 1, 1, 3, 1, 1, 1]
DISTANCE_TRAVELED_TOUCH_ONLY: [36.296875, 21.009556, 12.696479, 16.948114, 45.717644, 20.007298, 23.645903, 28.191597, 33.787453, 38.038483]
DISTANCE_TRAVELED_TOUCH_ONLY_SHORTEST: [36.296875, 21.009556, 12.696479, 16.948114, 45.717644, 20.007298, 23.645903, 28.191597, 33.787453, 38.038483]
TIME_DURATION_TOUCH_ONLY: [2.555055, 2.0128355, 1.4265133, 1.3454146, 3.0545683, 1.7381266, 2.5983825, 2.4142613, 2.2116401, 2.7019508]
TIME_DURATION_TOUCH_ONLY_SHORTEST: [2.555055, 2.0128355, 1.4265133, 1.3454146, 3.0545683, 1.7381266, 2.5983825, 2.4142613, 2.2116401, 2.7019508]
AVERAGE_PIXEL_VELOCITY: [14.229789, 10.415469, 8.854843, 12.549173, 14.982217, 11.538019, 9.092548, 11.659748, 15.237725, 14.081879]
REACTION_TIME_FIRST_PRESSED: [1.5619686, 1.283857, 1.1670929, 1.3338139, 1.0170122, 1.1837544, 0.8502165, 1.1670554, 1.2670848, 1.1171176]
REACTION_TIME_FIRST_TOUCH: [1.5619686, 1.283857, 1.1670929, 1.3338139, 1.0170122, 1.1837544, 0.8502165, 1.1670554, 1.2670848, 1.1171176]
AVERAGE_REACTION_TIME_TO_ERRORS: [0.0, 0.0, 0.0, 0.0, 0.0, 0.0, 1.5006872, 0.0, 0.0, 0.0]
TEXT_ENTRY_RATE_WPM: [14.089717, 23.846958, 16.82424, 17.838367, 19.642712, 20.711956, 23.09129, 24.852324, 21.70335, 17.764944]
TEXT_ENTRY_RATE_MODIFIED_WPM_SHORTEST: [14.089717, 23.846958, 16.82424, 17.838367, 19.642712, 20.711956, 23.09129, 24.852324, 21.70335, 17.764944]
TEXT_ENTRY_RATE_MODIFIED_WPM_VULTURE: [18.78629, 29.808695, 25.236357, 26.757551, 23.571253, 27.61594, 27.709547, 29.822784, 27.129187, 22.206177]
TEXT_ENTRY_RATE_MODIFIED_WPM_SHORTEST_VULTURE: [18.78629, 29.808695, 25.236357, 26.757551, 23.571253, 27.61594, 27.709547, 29.822784, 27.129187, 22.206177]
ERROR_RATE_KSPC: [1.0, 1.0, 1.0, 1.0, 1.0, 1.0, 1.3333334, 1.0, 1.0, 1.0]
ERROR_RATE_MODIFIED_KSPC_SHORTEST: [1.0, 1.0, 1.0, 1.0, 1.0, 1.0, 1.3333334, 1.0, 1.0, 1.0]
ERROR_RATE_MODIFIED_MSD_SHORTEST: [0.0, 0.0, 0.0, 0.0, 0.0, 0.0, 0.0, 0.0, 0.0, 0.0]
ERROR_RATE_MODIFIED_MSD_BACKSPACE: [0.0, 0.0, 0.0, 0.0, 0.0, 0.0, 12.5, 0.0, 0.0, 0.0]
TOTAL_ERROR_RATE: [0.0, 0.0, 0.0, 0.0, 0.0, 0.0, 14.285715, 0.0, 0.0, 0.0]
TOTAL_ERROR_RATE_MODIFIED_SHORTEST: [0.0, 0.0, 0.0, 0.0, 0.0, 0.0, 14.285715, 0.0, 0.0, 0.0]
TOTAL_ERROR_RATE_MODIFIED_BACKSPACE: [0.0, 0.0, 0.0, 0.0, 0.0, 0.0, 12.5, 0.0, 0.0, 0.0]
FRECHET_DISTANCE_TOUCH_ONLY: [253.35956, 165.92194, 144.07487, 145.78879, 199.79515, 144.61153, 353.5386, 257.07397, 259.24893, 293.452]
FRECHET_DISTANCE_TOUCH_ONLY_MODIFIED_SHORTEST: [253.35956, 165.92194, 144.07487, 145.78879, 199.79515, 144.61153, 353.5386, 257.07397, 259.24893, 293.452]
FRECHET_DISTANCE_TOUCH_ONLY_MODIFIED_BACKSPACE: [253.35956, 165.92194, 144.07487, 145.78879, 199.79515, 144.61153, 236.83347, 257.07397, 259.24893, 293.452]
