KEYBOARD_TYPE: controller
PRACTICE_WORDS_PER_INPUT: 2
WORD_ORDER: [shied, fibs, dubbed, tippee, calls, rub, docker, pans, gapes, fie]
NUMBER_OF_TIMES_PLANE_BREACHED: [1, 1, 1, 1, 1, 1, 1, 1, 1, 1]
DISTANCE_TRAVELED_TOUCH_ONLY: [23.891846, 30.903296, 24.764969, 23.309763, 40.77224, 21.404766, 55.456596, 36.168495, 22.066223, 18.706018]
DISTANCE_TRAVELED_TOUCH_ONLY_SHORTEST: [23.891846, 27.25205, 24.764969, 23.309763, 40.77224, 21.404766, 55.456596, 36.168495, 22.066223, 18.706018]
TIME_DURATION_TOUCH_ONLY: [3.8007753, 7.039098, 4.0544195, 4.388867, 8.65551, 3.3870792, 7.4167223, 5.682598, 4.448468, 2.969382]
TIME_DURATION_TOUCH_ONLY_SHORTEST: [3.8007753, 4.688053, 4.0544195, 4.388867, 8.65551, 3.3870792, 7.4167223, 5.682598, 4.448468, 2.969382]
AVERAGE_PIXEL_VELOCITY: [15.847228, 7.8760757, 8.283011, 7.9787874, 6.9965014, 7.610121, 17.146408, 22.63455, 7.0079446, 10.699019]
REACTION_TIME_FIRST_PRESSED: [1.061946, 0.8504093, 1.0337155, 1.3172027, 1.0171524, 1.2172097, 1.3506405, 2.2008998, 1.4172654, 1.2005141]
REACTION_TIME_FIRST_TOUCH: [0.59510463, 0.5669665, 0.7503073, 0.6502523, 0.51686513, 0.6335737, 0.7169645, 0.61687726, 0.7335881, 0.6836023]
AVERAGE_REACTION_TIME_TO_ERRORS: [0.0, 2.5011656, 0.0, 0.0, 2.0343223, 0.0, 0.0, 0.0, 0.0, 0.0]
TEXT_ENTRY_RATE_WPM: [14.397407, 5.3288693, 15.910852, 16.120726, 5.8857994, 8.560902, 8.845583, 8.78354, 12.749711, 9.786052]
TEXT_ENTRY_RATE_MODIFIED_WPM_SHORTEST: [14.397407, 8.173255, 15.910852, 16.120726, 5.8857994, 8.560902, 8.845583, 8.78354, 12.749711, 9.786052]
TEXT_ENTRY_RATE_MODIFIED_WPM_VULTURE: [14.059369, 6.555102, 16.598171, 14.241022, 6.553225, 9.066377, 8.943657, 6.6055465, 11.691017, 10.326152]
TEXT_ENTRY_RATE_MODIFIED_WPM_SHORTEST_VULTURE: [14.059369, 9.655042, 16.598171, 14.241022, 6.553225, 9.066377, 8.943657, 6.6055465, 11.691017, 10.326152]
ERROR_RATE_KSPC: [1.0, 2.0, 1.0, 1.0, 1.4, 1.0, 1.0, 1.0, 1.0, 1.0]
ERROR_RATE_MODIFIED_KSPC_SHORTEST: [1.0, 1.0, 1.0, 1.0, 1.4, 1.0, 1.0, 1.0, 1.0, 1.0]
ERROR_RATE_MODIFIED_MSD_SHORTEST: [0.0, 20.0, 0.0, 0.0, 0.0, 0.0, 0.0, 0.0, 0.0, 0.0]
ERROR_RATE_MODIFIED_MSD_BACKSPACE: [0.0, 25.0, 0.0, 0.0, 14.285715, 0.0, 0.0, 0.0, 0.0, 0.0]
TOTAL_ERROR_RATE: [0.0, 33.333336, 0.0, 0.0, 16.666668, 0.0, 0.0, 0.0, 0.0, 0.0]
TOTAL_ERROR_RATE_MODIFIED_SHORTEST: [0.0, 20.0, 0.0, 0.0, 16.666668, 0.0, 0.0, 0.0, 0.0, 0.0]
TOTAL_ERROR_RATE_MODIFIED_BACKSPACE: [0.0, 25.0, 0.0, 0.0, 14.285715, 0.0, 0.0, 0.0, 0.0, 0.0]
FRECHET_DISTANCE_TOUCH_ONLY: [116.0, 187.18173, 116.0, 174.0, 406.0, 116.0, 187.18173, 269.94073, 116.0, 116.0]
FRECHET_DISTANCE_TOUCH_ONLY_MODIFIED_SHORTEST: [116.0, 116.0, 116.0, 174.0, 406.0, 116.0, 187.18173, 269.94073, 116.0, 116.0]
FRECHET_DISTANCE_TOUCH_ONLY_MODIFIED_BACKSPACE: [116.0, 116.0, 116.0, 174.0, 245.46486, 116.0, 187.18173, 269.94073, 116.0, 116.0]
KEYBOARD_TYPE: tablet
PRACTICE_WORDS_PER_INPUT: 7
WORD_ORDER: [fins, tin, owns, shirt, dicker, hot, ginned, dales, falls, ripped]
NUMBER_OF_TIMES_PLANE_BREACHED: [1, 2, 3, 1, 3, 1, 1, 1, 1, 3]
DISTANCE_TRAVELED_TOUCH_ONLY: [20.347351, 14.242236, 77.08938, 22.56102, 47.45597, 12.957629, 23.444277, 39.175003, 37.517418, 53.351257]
DISTANCE_TRAVELED_TOUCH_ONLY_SHORTEST: [20.347351, 12.602095, 77.08938, 22.56102, 41.22322, 12.957629, 23.444277, 39.175003, 37.517418, 53.351257]
TIME_DURATION_TOUCH_ONLY: [1.0937899, 1.1874949, 1.74936, 1.7187576, 3.8743582, 0.7185246, 1.8438381, 1.9999304, 1.7813039, 3.7814264]
TIME_DURATION_TOUCH_ONLY_SHORTEST: [1.0937899, 0.87476385, 1.74936, 1.7187576, 2.6251962, 0.7185246, 1.8438381, 1.9999304, 1.7813039, 3.7814264]
AVERAGE_PIXEL_VELOCITY: [18.609947, 11.997673, 18.69186, 13.132437, 12.24262, 18.042353, 12.7126, 19.572779, 21.08397, 14.113336]
REACTION_TIME_FIRST_PRESSED: [1.1246512, 1.1563511, 6.687725, 1.2185906, 1.218602, 1.2813854, 1.1872307, 1.3124974, 1.2497396, 1.093608]
REACTION_TIME_FIRST_TOUCH: [1.1246512, 1.1563511, 1.1870118, 1.2185906, 1.218602, 1.2813854, 1.1872307, 1.3124974, 1.2497396, 1.093608]
AVERAGE_REACTION_TIME_TO_ERRORS: [0.0, 1.3123219, 3.7502027, 0.0, 2.8428605, 0.0, 0.0, 0.0, 0.0, 1.9063387]
TEXT_ENTRY_RATE_WPM: [32.913086, 20.210615, 20.578955, 27.927149, 15.486435, 33.40178, 32.540817, 24.000837, 26.946554, 15.867029]
TEXT_ENTRY_RATE_MODIFIED_WPM_SHORTEST: [32.913086, 27.435978, 20.578955, 27.927149, 22.855436, 33.40178, 32.540817, 24.000837, 26.946554, 15.867029]
TEXT_ENTRY_RATE_MODIFIED_WPM_VULTURE: [43.884113, 30.315922, 6.620622, 34.908936, 18.583723, 50.10267, 39.04898, 30.001043, 33.683193, 19.040434]
TEXT_ENTRY_RATE_MODIFIED_WPM_SHORTEST_VULTURE: [43.884113, 41.153965, 6.620622, 34.908936, 27.42652, 50.10267, 39.04898, 30.001043, 33.683193, 19.040434]
ERROR_RATE_KSPC: [1.0, 1.6666666, 3.0, 1.0, 2.0, 1.0, 1.0, 1.0, 1.0, 2.0]
ERROR_RATE_MODIFIED_KSPC_SHORTEST: [1.0, 1.0, 3.0, 1.0, 1.0, 1.0, 1.0, 1.0, 1.0, 2.0]
ERROR_RATE_MODIFIED_MSD_SHORTEST: [0.0, 25.0, 0.0, 0.0, 33.333336, 0.0, 0.0, 0.0, 0.0, 0.0]
ERROR_RATE_MODIFIED_MSD_BACKSPACE: [0.0, 20.0, 33.333336, 0.0, 25.0, 0.0, 0.0, 0.0, 0.0, 25.0]
TOTAL_ERROR_RATE: [0.0, 25.0, 50.0, 0.0, 33.333336, 0.0, 0.0, 0.0, 0.0, 33.333336]
TOTAL_ERROR_RATE_MODIFIED_SHORTEST: [0.0, 25.0, 50.0, 0.0, 33.333336, 0.0, 0.0, 0.0, 0.0, 33.333336]
TOTAL_ERROR_RATE_MODIFIED_BACKSPACE: [0.0, 20.0, 33.333336, 0.0, 25.0, 0.0, 0.0, 0.0, 0.0, 25.0]
FRECHET_DISTANCE_TOUCH_ONLY: [186.96791, 406.0788, 431.4499, 148.49243, 331.67, 135.29967, 157.99051, 285.34366, 273.66037, 311.41132]
FRECHET_DISTANCE_TOUCH_ONLY_MODIFIED_SHORTEST: [186.96791, 101.07918, 431.4499, 148.49243, 190.39433, 135.29967, 157.99051, 285.34366, 273.66037, 311.41132]
FRECHET_DISTANCE_TOUCH_ONLY_MODIFIED_BACKSPACE: [186.96791, 101.07918, 431.4499, 148.49243, 190.39433, 135.29967, 157.99051, 285.34366, 273.66037, 311.41132]
KEYBOARD_TYPE: leapSurface
PRACTICE_WORDS_PER_INPUT: 10
WORD_ORDER: [fit, calla, tim, pens, vales, yipped, agues, rind, sinned, docked]
NUMBER_OF_TIMES_PLANE_BREACHED: [1, 1, 5, 1, 4, 9, 4, 4, 5, 4]
DISTANCE_TRAVELED_TOUCH_ONLY: [16.789, 42.687572, 17.76854, 37.96715, 36.01023, 73.792076, 31.435713, 33.65098, 46.058037, 70.7038]
DISTANCE_TRAVELED_TOUCH_ONLY_SHORTEST: [16.789, 42.687572, 12.845404, 37.96715, 36.01023, 50.314434, 26.054228, 33.65098, 46.058037, 70.7038]
TIME_DURATION_TOUCH_ONLY: [0.7704266, 1.2819782, 1.0350435, 1.1837503, 1.3017179, 5.0584555, 2.5187552, 2.1831744, 3.0685287, 4.8502927]
TIME_DURATION_TOUCH_ONLY_SHORTEST: [0.7704266, 1.2819782, 0.55548596, 1.1837503, 1.3017179, 3.1401448, 1.6810899, 2.1831744, 3.0685287, 4.8502927]
AVERAGE_PIXEL_VELOCITY: [21.89595, 33.253098, 17.196253, 32.085567, 27.695028, 14.563314, 12.494539, 15.410942, 15.015663, 14.57436]
REACTION_TIME_FIRST_PRESSED: [1.3575004, 1.1336758, 1.1503425, 1.1003993, 1.2337127, 1.2837833, 1.3336773, 1.2504493, 1.2837833, 1.2337545]
REACTION_TIME_FIRST_TOUCH: [1.3575004, 1.1336758, 1.1503425, 1.1003993, 1.2337127, 1.2837833, 1.3336773, 1.2504493, 1.2837833, 1.2337545]
AVERAGE_REACTION_TIME_TO_ERRORS: [0.0, 0.0, 1.55065, 0.0, 0.81698626, 2.050836, 1.8492326, 1.8007221, 1.9175246, 2.0841815]
TEXT_ENTRY_RATE_WPM: [31.151575, 37.442135, 23.187433, 30.41182, 36.87435, 11.861328, 19.057034, 16.489752, 19.553345, 12.370388]
TEXT_ENTRY_RATE_MODIFIED_WPM_SHORTEST: [31.151575, 37.442135, 43.20541, 30.41182, 36.87435, 19.107399, 28.552906, 16.489752, 19.553345, 12.370388]
TEXT_ENTRY_RATE_MODIFIED_WPM_VULTURE: [46.72736, 46.802666, 34.781147, 40.549095, 46.092937, 14.233594, 23.821291, 21.986334, 23.464016, 14.844464]
TEXT_ENTRY_RATE_MODIFIED_WPM_SHORTEST_VULTURE: [46.72736, 46.802666, 64.80812, 40.549095, 46.092937, 22.928879, 35.69113, 21.986334, 23.464016, 14.844464]
ERROR_RATE_KSPC: [1.0, 1.0, 2.3333333, 1.0, 1.4, 4.6666665, 2.2, 2.5, 3.0, 3.3333333]
ERROR_RATE_MODIFIED_KSPC_SHORTEST: [1.0, 1.0, 1.0, 1.0, 1.4, 2.090909, 1.0, 2.5, 3.0, 3.3333333]
ERROR_RATE_MODIFIED_MSD_SHORTEST: [0.0, 0.0, 40.0, 0.0, 0.0, 45.454548, 37.5, 0.0, 0.0, 0.0]
ERROR_RATE_MODIFIED_MSD_BACKSPACE: [0.0, 0.0, 28.57143, 0.0, 14.285715, 39.285713, 27.272728, 30.000002, 33.333336, 35.0]
TOTAL_ERROR_RATE: [0.0, 0.0, 40.0, 0.0, 16.666668, 64.70589, 37.5, 42.857143, 50.0, 53.846157]
TOTAL_ERROR_RATE_MODIFIED_SHORTEST: [0.0, 0.0, 40.0, 0.0, 16.666668, 64.70589, 37.5, 42.857143, 50.0, 53.846157]
TOTAL_ERROR_RATE_MODIFIED_BACKSPACE: [0.0, 0.0, 28.57143, 0.0, 14.285715, 39.285713, 27.272728, 30.000002, 33.333336, 35.0]
FRECHET_DISTANCE_TOUCH_ONLY: [132.3461, 290.35336, 368.5682, 244.57547, 487.54538, 381.5156, 449.60278, 383.37872, 385.47418, 339.61182]
FRECHET_DISTANCE_TOUCH_ONLY_MODIFIED_SHORTEST: [132.3461, 290.35336, 109.684105, 244.57547, 487.54538, 317.64444, 164.34346, 383.37872, 385.47418, 339.61182]
FRECHET_DISTANCE_TOUCH_ONLY_MODIFIED_BACKSPACE: [132.3461, 290.35336, 109.684105, 244.57547, 289.8529, 381.5156, 164.34346, 319.64893, 382.07767, 339.61182]
KEYBOARD_TYPE: leapAirStatic
PRACTICE_WORDS_PER_INPUT: 7
WORD_ORDER: [cocker, hales, galls, rube, shier, rubbed, tilled, pelf, etc, tot]
NUMBER_OF_TIMES_PLANE_BREACHED: [1, 1, 1, 5, 1, 1, 1, 1, 2, 2]
DISTANCE_TRAVELED_TOUCH_ONLY: [42.77476, 45.51496, 40.78112, 29.29042, 27.006212, 23.2662, 25.850193, 42.678257, 18.144365, 25.000559]
DISTANCE_TRAVELED_TOUCH_ONLY_SHORTEST: [42.77476, 45.51496, 40.78112, 29.29042, 27.006212, 23.2662, 25.850193, 42.678257, 14.288054, 22.453833]
TIME_DURATION_TOUCH_ONLY: [3.732351, 2.837056, 2.0194654, 2.5163963, 2.6022568, 3.4207442, 2.838435, 3.0371575, 2.4676616, 2.3198671]
TIME_DURATION_TOUCH_ONLY_SHORTEST: [3.732351, 2.837056, 2.0194654, 2.5163963, 2.6022568, 3.4207442, 2.838435, 3.0371575, 1.903067, 1.7546501]
AVERAGE_PIXEL_VELOCITY: [11.456714, 16.062883, 20.223324, 7.8441215, 10.389073, 6.808123, 9.126906, 14.0635395, 7.3522916, 10.788271]
REACTION_TIME_FIRST_PRESSED: [2.3615108, 1.9340245, 1.7506777, 6.8696575, 2.9845152, 1.7673659, 2.9345913, 2.2342389, 3.1680067, 1.5172398]
REACTION_TIME_FIRST_TOUCH: [2.3615108, 1.9340245, 1.7506777, 0.3501172, 2.9845152, 1.7673659, 2.9345913, 2.2342389, 3.1680067, 1.5172398]
AVERAGE_REACTION_TIME_TO_ERRORS: [0.0, 0.0, 0.0, 1.5255818, 0.0, 0.0, 0.0, 0.0, 0.8836566, 1.0170892]
TEXT_ENTRY_RATE_WPM: [16.075659, 16.918947, 23.768667, 14.306174, 18.44553, 17.540045, 21.13841, 11.8531885, 9.725806, 10.34542]
TEXT_ENTRY_RATE_MODIFIED_WPM_SHORTEST: [16.075659, 16.918947, 23.768667, 14.306174, 18.44553, 17.540045, 21.13841, 11.8531885, 12.611222, 13.67794]
TEXT_ENTRY_RATE_MODIFIED_WPM_VULTURE: [19.29079, 21.148685, 29.710835, 5.3121223, 23.05691, 21.048052, 25.366093, 15.804252, 14.588712, 15.51813]
TEXT_ENTRY_RATE_MODIFIED_WPM_SHORTEST_VULTURE: [19.29079, 21.148685, 29.710835, 5.3121223, 23.05691, 21.048052, 25.366093, 15.804252, 18.916834, 20.51691]
ERROR_RATE_KSPC: [1.0, 1.0, 1.0, 2.0, 1.0, 1.0, 1.0, 1.0, 1.6666666, 1.6666666]
ERROR_RATE_MODIFIED_KSPC_SHORTEST: [1.0, 1.0, 1.0, 2.0, 1.0, 1.0, 1.0, 1.0, 1.0, 1.0]
ERROR_RATE_MODIFIED_MSD_SHORTEST: [0.0, 0.0, 0.0, 0.0, 0.0, 0.0, 0.0, 0.0, 25.0, 25.0]
ERROR_RATE_MODIFIED_MSD_BACKSPACE: [0.0, 0.0, 0.0, 25.0, 0.0, 0.0, 0.0, 0.0, 20.0, 20.0]
TOTAL_ERROR_RATE: [0.0, 0.0, 0.0, 33.333336, 0.0, 0.0, 0.0, 0.0, 25.0, 25.0]
TOTAL_ERROR_RATE_MODIFIED_SHORTEST: [0.0, 0.0, 0.0, 33.333336, 0.0, 0.0, 0.0, 0.0, 25.0, 25.0]
TOTAL_ERROR_RATE_MODIFIED_BACKSPACE: [0.0, 0.0, 0.0, 25.0, 0.0, 0.0, 0.0, 0.0, 20.0, 20.0]
FRECHET_DISTANCE_TOUCH_ONLY: [201.86256, 286.10947, 284.56027, 442.00955, 179.48601, 148.44852, 234.26137, 258.65164, 554.3325, 525.08563]
FRECHET_DISTANCE_TOUCH_ONLY_MODIFIED_SHORTEST: [201.86256, 286.10947, 284.56027, 442.00955, 179.48601, 148.44852, 234.26137, 258.65164, 194.06679, 194.41685]
FRECHET_DISTANCE_TOUCH_ONLY_MODIFIED_BACKSPACE: [201.86256, 286.10947, 284.56027, 377.37057, 179.48601, 148.44852, 234.26137, 258.65164, 194.06679, 194.41685]
KEYBOARD_TYPE: leapAirPinch
PRACTICE_WORDS_PER_INPUT: 6
WORD_ORDER: [sue, rocker, kans, gin, shire, dunned, gaols, games, yippee, find]
NUMBER_OF_TIMES_PLANE_BREACHED: [1, 5, 1, 2, 2, 1, 1, 1, 5, 1]
DISTANCE_TRAVELED_TOUCH_ONLY: [29.766348, 99.48438, 46.634785, 26.608145, 34.328117, 33.531292, 52.867104, 50.696224, 54.305008, 31.387936]
DISTANCE_TRAVELED_TOUCH_ONLY_SHORTEST: [29.766348, 99.48438, 46.634785, 22.734034, 34.328117, 33.531292, 52.867104, 50.696224, 54.305008, 31.387936]
TIME_DURATION_TOUCH_ONLY: [1.5640285, 5.7376723, 4.334345, 2.1174045, 2.2382712, 3.1168778, 3.6173038, 3.2366133, 4.0950537, 2.3836262]
TIME_DURATION_TOUCH_ONLY_SHORTEST: [1.5640285, 5.7376723, 4.334345, 2.0527406, 2.2382712, 3.1168778, 3.6173038, 3.2366133, 4.0950537, 2.3836262]
AVERAGE_PIXEL_VELOCITY: [18.984259, 14.177902, 10.781497, 12.567256, 15.362381, 10.762491, 14.614132, 15.676666, 13.246969, 13.162919]
REACTION_TIME_FIRST_PRESSED: [1.9615332, 4.968762, 1.5838865, 1.6673245, 1.5172458, 1.5339234, 1.8507439, 1.5172099, 1.8006794, 1.9174387]
REACTION_TIME_FIRST_TOUCH: [1.9615332, 1.767338, 1.5838865, 1.6673245, 0.16665235, 1.5339234, 1.8507439, 1.5172099, 1.8006794, 1.9174387]
AVERAGE_REACTION_TIME_TO_ERRORS: [0.0, 1.7674246, 0.0, 1.1171085, 0.0, 0.0, 0.0, 0.0, 2.70121, 0.0]
TEXT_ENTRY_RATE_WPM: [15.344989, 10.457202, 8.305754, 11.334632, 21.445122, 19.250032, 13.269551, 14.8303175, 14.651822, 15.10304]
TEXT_ENTRY_RATE_MODIFIED_WPM_SHORTEST: [15.344989, 10.457202, 8.305754, 11.691688, 21.445122, 19.250032, 13.269551, 14.8303175, 14.651822, 15.10304]
TEXT_ENTRY_RATE_MODIFIED_WPM_VULTURE: [23.017485, 8.054506, 11.074339, 17.00195, 16.71838, 23.10004, 16.58694, 18.537897, 17.582188, 20.137386]
TEXT_ENTRY_RATE_MODIFIED_WPM_SHORTEST_VULTURE: [23.017485, 8.054506, 11.074339, 17.53753, 16.71838, 23.10004, 16.58694, 18.537897, 17.582188, 20.137386]
ERROR_RATE_KSPC: [1.0, 2.3333333, 1.0, 1.6666666, 1.0, 1.0, 1.0, 1.0, 1.6666666, 1.0]
ERROR_RATE_MODIFIED_KSPC_SHORTEST: [1.0, 2.3333333, 1.0, 1.0, 1.0, 1.0, 1.0, 1.0, 1.6666666, 1.0]
ERROR_RATE_MODIFIED_MSD_SHORTEST: [0.0, 0.0, 0.0, 25.0, 0.0, 0.0, 0.0, 0.0, 0.0, 0.0]
ERROR_RATE_MODIFIED_MSD_BACKSPACE: [0.0, 28.57143, 0.0, 20.0, 0.0, 0.0, 0.0, 0.0, 20.0, 0.0]
TOTAL_ERROR_RATE: [0.0, 40.0, 0.0, 25.0, 0.0, 0.0, 0.0, 0.0, 25.0, 0.0]
TOTAL_ERROR_RATE_MODIFIED_SHORTEST: [0.0, 40.0, 0.0, 25.0, 0.0, 0.0, 0.0, 0.0, 25.0, 0.0]
TOTAL_ERROR_RATE_MODIFIED_BACKSPACE: [0.0, 28.57143, 0.0, 20.0, 0.0, 0.0, 0.0, 0.0, 20.0, 0.0]
FRECHET_DISTANCE_TOUCH_ONLY: [414.4935, 474.51056, 383.54742, 524.7325, 892.14514, 410.61856, 371.2534, 391.73172, 454.4147, 417.69052]
FRECHET_DISTANCE_TOUCH_ONLY_MODIFIED_SHORTEST: [414.4935, 474.51056, 383.54742, 357.044, 892.14514, 410.61856, 371.2534, 391.73172, 454.4147, 417.69052]
FRECHET_DISTANCE_TOUCH_ONLY_MODIFIED_BACKSPACE: [414.4935, 407.71918, 383.54742, 357.044, 892.14514, 410.61856, 371.2534, 391.73172, 411.41086, 417.69052]
KEYBOARD_TYPE: leapAirDynamic
PRACTICE_WORDS_PER_INPUT: 10
WORD_ORDER: [balls, yin, hipped, shirr, subbed, jane, gales, rubs, docket, fir]
NUMBER_OF_TIMES_PLANE_BREACHED: [1, 2, 7, 1, 1, 1, 1, 1, 3, 2]
DISTANCE_TRAVELED_TOUCH_ONLY: [45.20597, 14.895707, 42.219124, 20.337042, 23.039637, 31.976574, 42.709114, 17.821354, 45.255074, 11.196842]
DISTANCE_TRAVELED_TOUCH_ONLY_SHORTEST: [45.20597, 13.482471, 42.219124, 20.337042, 23.039637, 31.976574, 42.709114, 17.821354, 45.255074, 11.196842]
TIME_DURATION_TOUCH_ONLY: [2.0179098, 1.9003052, 5.724229, 2.3363934, 3.2676015, 2.7689083, 2.8142388, 2.2671154, 3.8999102, 1.3882143]
TIME_DURATION_TOUCH_ONLY_SHORTEST: [2.0179098, 1.5846865, 5.724229, 2.3363934, 3.2676015, 2.7689083, 2.8142388, 2.2671154, 3.8999102, 1.3882143]
AVERAGE_PIXEL_VELOCITY: [22.4084, 7.8366523, 7.382816, 8.711699, 7.050331, 11.5525675, 15.155717, 7.859556, 11.59979, 8.095312]
REACTION_TIME_FIRST_PRESSED: [2.5791621, 2.0841463, 1.8340056, 1.6005358, 1.3504051, 1.3505094, 1.7506473, 1.6993265, 1.5505579, 1.7673206]
REACTION_TIME_FIRST_TOUCH: [2.5791621, 2.0841463, 1.8340056, 1.6005358, 1.3504051, 1.3505094, 1.7506473, 1.6993265, 1.5505579, 1.7673206]
AVERAGE_REACTION_TIME_TO_ERRORS: [0.0, 1.3672438, 1.7729683, 0.0, 0.0, 0.0, 0.0, 0.0, 1.7340966, 0.0]
TEXT_ENTRY_RATE_WPM: [23.786991, 12.629551, 10.481761, 20.544485, 18.362093, 13.0015135, 17.056122, 15.87921, 15.384969, 17.288397]
TEXT_ENTRY_RATE_MODIFIED_WPM_SHORTEST: [23.786991, 15.144951, 10.481761, 20.544485, 18.362093, 13.0015135, 17.056122, 15.87921, 15.384969, 17.288397]
TEXT_ENTRY_RATE_MODIFIED_WPM_VULTURE: [29.73374, 18.944326, 12.5781145, 25.680609, 22.034512, 17.335354, 21.320152, 21.17228, 18.461964, 25.932596]
TEXT_ENTRY_RATE_MODIFIED_WPM_SHORTEST_VULTURE: [29.73374, 22.717426, 12.5781145, 25.680609, 22.034512, 17.335354, 21.320152, 21.17228, 18.461964, 25.932596]
ERROR_RATE_KSPC: [1.0, 1.6666666, 2.6666667, 1.0, 1.0, 1.0, 1.0, 1.0, 1.3333334, 1.0]
ERROR_RATE_MODIFIED_KSPC_SHORTEST: [1.0, 1.0, 2.6666667, 1.0, 1.0, 1.0, 1.0, 1.0, 1.3333334, 1.0]
ERROR_RATE_MODIFIED_MSD_SHORTEST: [0.0, 25.0, 0.0, 0.0, 0.0, 0.0, 0.0, 0.0, 0.0, 0.0]
ERROR_RATE_MODIFIED_MSD_BACKSPACE: [0.0, 20.0, 31.25, 0.0, 0.0, 0.0, 0.0, 0.0, 12.5, 0.0]
TOTAL_ERROR_RATE: [0.0, 25.0, 45.454548, 0.0, 0.0, 0.0, 0.0, 0.0, 14.285715, 0.0]
TOTAL_ERROR_RATE_MODIFIED_SHORTEST: [0.0, 25.0, 45.454548, 0.0, 0.0, 0.0, 0.0, 0.0, 14.285715, 0.0]
TOTAL_ERROR_RATE_MODIFIED_BACKSPACE: [0.0, 20.0, 31.25, 0.0, 0.0, 0.0, 0.0, 0.0, 12.5, 0.0]
FRECHET_DISTANCE_TOUCH_ONLY: [288.13736, 367.61627, 364.83972, 143.61845, 169.561, 220.48488, 282.92017, 145.48177, 272.95502, 134.23077]
FRECHET_DISTANCE_TOUCH_ONLY_MODIFIED_SHORTEST: [288.13736, 94.83348, 364.83972, 143.61845, 169.561, 220.48488, 282.92017, 145.48177, 272.95502, 134.23077]
FRECHET_DISTANCE_TOUCH_ONLY_MODIFIED_BACKSPACE: [288.13736, 94.83348, 364.30884, 143.61845, 169.561, 220.48488, 282.92017, 145.48177, 205.45299, 134.23077]
KEYBOARD_TYPE: leapAirBimodal
PRACTICE_WORDS_PER_INPUT: 9
WORD_ORDER: [mans, got, sicker, galea, dinned, yells, whiff, tom, topped, dubs]
NUMBER_OF_TIMES_PLANE_BREACHED: [1, 1, 3, 1, 1, 1, 1, 2, 1, 2]
DISTANCE_TRAVELED_TOUCH_ONLY: [45.69944, 16.928114, 60.17087, 39.666977, 27.025751, 37.32941, 23.785215, 15.314956, 32.507637, 13.713642]
DISTANCE_TRAVELED_TOUCH_ONLY_SHORTEST: [45.69944, 16.928114, 60.17087, 39.666977, 27.025751, 37.32941, 23.785215, 14.986384, 32.507637, 13.713642]
TIME_DURATION_TOUCH_ONLY: [2.28643, 1.013873, 2.8030546, 2.5537374, 2.1658032, 1.7847885, 1.604384, 1.3163171, 1.7031447, 1.198417]
TIME_DURATION_TOUCH_ONLY_SHORTEST: [2.28643, 1.013873, 2.8030546, 2.5537374, 2.1658032, 1.7847885, 1.604384, 1.103207, 1.7031447, 1.198417]
AVERAGE_PIXEL_VELOCITY: [20.007433, 16.644583, 14.042008, 15.554543, 12.468833, 20.927244, 14.859572, 11.627435, 19.116333, 11.4240675]
REACTION_TIME_FIRST_PRESSED: [1.5270431, 0.98362327, 4.4018836, 1.4338465, 1.350576, 1.1003984, 1.3672128, 0.8669457, 1.6172734, 1.1170337]
REACTION_TIME_FIRST_TOUCH: [1.5270431, 0.98362327, 0.98367983, 1.4338465, 1.350576, 1.1003984, 1.3672128, 0.8669457, 1.6172734, 1.1170337]
AVERAGE_REACTION_TIME_TO_ERRORS: [0.0, 0.0, 1.4172595, 0.0, 0.0, 0.0, 0.0, 1.0337843, 0.0, 0.0]
TEXT_ENTRY_RATE_WPM: [15.74507, 23.671606, 21.40522, 18.79598, 27.703348, 26.893942, 29.918028, 18.232689, 35.228954, 30.039627]
TEXT_ENTRY_RATE_MODIFIED_WPM_SHORTEST: [15.74507, 23.671606, 21.40522, 18.79598, 27.703348, 26.893942, 29.918028, 21.754757, 35.228954, 30.039627]
TEXT_ENTRY_RATE_MODIFIED_WPM_VULTURE: [20.99343, 35.50741, 11.573222, 23.494978, 33.244015, 33.617428, 37.397533, 27.349033, 42.274742, 40.052837]
TEXT_ENTRY_RATE_MODIFIED_WPM_SHORTEST_VULTURE: [20.99343, 35.50741, 11.573222, 23.494978, 33.244015, 33.617428, 37.397533, 32.632137, 42.274742, 40.052837]
ERROR_RATE_KSPC: [1.0, 1.0, 1.6666666, 1.0, 1.0, 1.0, 1.0, 1.6666666, 1.0, 1.0]
ERROR_RATE_MODIFIED_KSPC_SHORTEST: [1.0, 1.0, 1.6666666, 1.0, 1.0, 1.0, 1.0, 1.0, 1.0, 1.0]
ERROR_RATE_MODIFIED_MSD_SHORTEST: [0.0, 0.0, 0.0, 0.0, 0.0, 0.0, 0.0, 25.0, 0.0, 0.0]
ERROR_RATE_MODIFIED_MSD_BACKSPACE: [0.0, 0.0, 20.0, 0.0, 0.0, 0.0, 0.0, 20.0, 0.0, 0.0]
TOTAL_ERROR_RATE: [0.0, 0.0, 25.0, 0.0, 0.0, 0.0, 0.0, 25.0, 0.0, 0.0]
TOTAL_ERROR_RATE_MODIFIED_SHORTEST: [0.0, 0.0, 25.0, 0.0, 0.0, 0.0, 0.0, 25.0, 0.0, 0.0]
TOTAL_ERROR_RATE_MODIFIED_BACKSPACE: [0.0, 0.0, 20.0, 0.0, 0.0, 0.0, 0.0, 20.0, 0.0, 0.0]
FRECHET_DISTANCE_TOUCH_ONLY: [248.84389, 147.1556, 322.9555, 289.5574, 180.24835, 250.88756, 165.90448, 288.5866, 246.55972, 128.16707]
FRECHET_DISTANCE_TOUCH_ONLY_MODIFIED_SHORTEST: [248.84389, 147.1556, 322.9555, 289.5574, 180.24835, 250.88756, 165.90448, 147.2749, 246.55972, 128.16707]
FRECHET_DISTANCE_TOUCH_ONLY_MODIFIED_BACKSPACE: [248.84389, 147.1556, 382.79126, 289.5574, 180.24835, 250.88756, 165.90448, 147.2749, 246.55972, 128.16707]
