KEYBOARD_TYPE: controller
PRACTICE_WORDS_PER_INPUT: 2
WORD_ORDER: [fibs, pans, rub, shied, dubbed, tippee, gapes, calls, docker, fie]
NUMBER_OF_TIMES_PLANE_BREACHED: [1, 1, 1, 1, 1, 1, 1, 1, 1, 1]
DISTANCE_TRAVELED_TOUCH_ONLY: [32.728916, 47.201607, 16.218939, 39.449326, 26.881634, 23.309763, 28.49559, 22.066223, 49.609314, 17.462479]
DISTANCE_TRAVELED_TOUCH_ONLY_SHORTEST: [32.728916, 47.201607, 16.218939, 39.449326, 26.881634, 23.309763, 28.49559, 22.066223, 49.609314, 17.462479]
TIME_DURATION_TOUCH_ONLY: [4.7353864, 6.536254, 2.517773, 6.4861684, 4.535378, 4.6188016, 5.368955, 6.219475, 10.337898, 2.817958]
TIME_DURATION_TOUCH_ONLY_SHORTEST: [4.7353864, 6.536254, 2.517773, 6.4861684, 4.535378, 4.6188016, 5.368955, 6.219475, 10.337898, 2.817958]
AVERAGE_PIXEL_VELOCITY: [10.623134, 17.671005, 7.853257, 12.081749, 7.7639256, 6.748527, 6.71706, 6.2643237, 7.1807423, 7.806842]
REACTION_TIME_FIRST_PRESSED: [1.925462, 2.117553, 1.2005264, 1.6006606, 1.1504412, 1.6340612, 1.4005756, 1.2172118, 0.9170785, 0.95038134]
REACTION_TIME_FIRST_TOUCH: [0.9916073, 0.5668602, 0.50021744, 0.66693544, 0.7002079, 0.9003263, 0.65025276, 0.71694636, 0.6836583, 0.7335773]
AVERAGE_REACTION_TIME_TO_ERRORS: [0.0, 0.0, 0.0, 0.0, 0.0, 0.0, 0.0, 1.6507483, 1.3839842, 0.0]
TEXT_ENTRY_RATE_WPM: [9.469867, 7.220852, 13.205213, 8.644843, 14.687363, 15.44375, 10.392688, 8.392768, 5.937961, 9.226674]
TEXT_ENTRY_RATE_MODIFIED_WPM_SHORTEST: [9.469867, 7.220852, 13.205213, 8.644843, 14.687363, 15.44375, 10.392688, 8.392768, 5.937961, 9.226674]
TEXT_ENTRY_RATE_MODIFIED_WPM_VULTURE: [8.4667425, 5.935491, 11.186789, 8.0863695, 14.441559, 13.451566, 9.8050785, 8.928916, 6.810882, 11.862544]
TEXT_ENTRY_RATE_MODIFIED_WPM_SHORTEST_VULTURE: [8.4667425, 5.935491, 11.186789, 8.0863695, 14.441559, 13.451566, 9.8050785, 8.928916, 6.810882, 11.862544]
ERROR_RATE_KSPC: [1.0, 1.0, 1.0, 1.0, 1.0, 1.0, 1.0, 1.8, 1.6666666, 1.0]
ERROR_RATE_MODIFIED_KSPC_SHORTEST: [1.0, 1.0, 1.0, 1.0, 1.0, 1.0, 1.0, 1.8, 1.6666666, 1.0]
ERROR_RATE_MODIFIED_MSD_SHORTEST: [0.0, 0.0, 0.0, 0.0, 0.0, 0.0, 0.0, 0.0, 0.0, 0.0]
ERROR_RATE_MODIFIED_MSD_BACKSPACE: [0.0, 0.0, 0.0, 0.0, 0.0, 0.0, 0.0, 22.222223, 20.0, 0.0]
TOTAL_ERROR_RATE: [0.0, 0.0, 0.0, 0.0, 0.0, 0.0, 0.0, 28.57143, 25.0, 0.0]
TOTAL_ERROR_RATE_MODIFIED_SHORTEST: [0.0, 0.0, 0.0, 0.0, 0.0, 0.0, 0.0, 28.57143, 25.0, 0.0]
TOTAL_ERROR_RATE_MODIFIED_BACKSPACE: [0.0, 0.0, 0.0, 0.0, 0.0, 0.0, 0.0, 22.222223, 20.0, 0.0]
FRECHET_DISTANCE_TOUCH_ONLY: [138.0, 242.04338, 116.0, 141.01419, 116.0, 174.0, 116.0, 245.46486, 180.27756, 116.0]
FRECHET_DISTANCE_TOUCH_ONLY_MODIFIED_SHORTEST: [138.0, 242.04338, 116.0, 141.01419, 116.0, 174.0, 116.0, 174.0, 180.27756, 116.0]
FRECHET_DISTANCE_TOUCH_ONLY_MODIFIED_BACKSPACE: [138.0, 242.04338, 116.0, 141.01419, 116.0, 174.0, 116.0, 174.0, 180.27756, 116.0]
KEYBOARD_TYPE: tablet
PRACTICE_WORDS_PER_INPUT: 4
WORD_ORDER: [ripped, ginned, dales, hot, shirt, dicker, owns, tin, falls, fins]
NUMBER_OF_TIMES_PLANE_BREACHED: [1, 5, 1, 1, 1, 6, 6, 1, 1, 1]
DISTANCE_TRAVELED_TOUCH_ONLY: [27.158865, 30.458029, 35.378094, 12.533841, 20.481953, 61.040684, 67.73808, 11.542652, 34.84956, 21.975735]
DISTANCE_TRAVELED_TOUCH_ONLY_SHORTEST: [27.158865, 30.458029, 35.378094, 12.533841, 20.481953, 61.040684, 67.73808, 11.542652, 34.84956, 21.975735]
TIME_DURATION_TOUCH_ONLY: [1.4683545, 1.500043, 1.5937444, 0.7188689, 1.1248417, 1.7811707, 1.5002515, 1.1875753, 1.3436207, 1.2184024]
TIME_DURATION_TOUCH_ONLY_SHORTEST: [1.4683545, 1.500043, 1.5937444, 0.7188689, 1.1248417, 1.7811707, 1.5002515, 1.1875753, 1.3436207, 1.2184024]
AVERAGE_PIXEL_VELOCITY: [18.518618, 11.335984, 22.209183, 17.419775, 18.213606, 19.327696, 21.037336, 9.723508, 25.936378, 18.022667]
REACTION_TIME_FIRST_PRESSED: [1.2727493, 3.9371266, 1.1872967, 0.9373467, 1.1560782, 4.6875887, 6.187412, 1.0308653, 1.0312815, 1.0315229]
REACTION_TIME_FIRST_TOUCH: [1.2727493, 1.0621673, 1.1872967, 0.9373467, 1.1560782, 1.2186185, 1.2186232, 1.0308653, 1.0312815, 1.0315229]
AVERAGE_REACTION_TIME_TO_ERRORS: [0.0, 1.312362, 0.0, 0.0, 0.0, 1.3436421, 2.218704, 0.0, 0.0, 0.0]
TEXT_ENTRY_RATE_WPM: [40.86207, 39.99885, 30.117756, 33.38578, 42.672672, 33.68571, 23.995977, 20.209246, 35.72437, 29.546888]
TEXT_ENTRY_RATE_MODIFIED_WPM_SHORTEST: [40.86207, 39.99885, 30.117756, 33.38578, 42.672672, 33.68571, 23.995977, 20.209246, 35.72437, 29.546888]
TEXT_ENTRY_RATE_MODIFIED_WPM_VULTURE: [49.03448, 16.457134, 37.647194, 50.07867, 53.34084, 13.713918, 7.419957, 30.313868, 44.655464, 39.39585]
TEXT_ENTRY_RATE_MODIFIED_WPM_SHORTEST_VULTURE: [49.03448, 16.457134, 37.647194, 50.07867, 53.34084, 13.713918, 7.419957, 30.313868, 44.655464, 39.39585]
ERROR_RATE_KSPC: [1.0, 2.0, 1.0, 1.0, 1.0, 2.3333333, 3.0, 1.0, 1.0, 1.0]
ERROR_RATE_MODIFIED_KSPC_SHORTEST: [1.0, 2.0, 1.0, 1.0, 1.0, 2.3333333, 3.0, 1.0, 1.0, 1.0]
ERROR_RATE_MODIFIED_MSD_SHORTEST: [0.0, 0.0, 0.0, 0.0, 0.0, 0.0, 0.0, 0.0, 0.0, 0.0]
ERROR_RATE_MODIFIED_MSD_BACKSPACE: [0.0, 25.0, 0.0, 0.0, 0.0, 28.57143, 33.333336, 0.0, 0.0, 0.0]
TOTAL_ERROR_RATE: [0.0, 33.333336, 0.0, 0.0, 0.0, 40.0, 50.0, 0.0, 0.0, 0.0]
TOTAL_ERROR_RATE_MODIFIED_SHORTEST: [0.0, 33.333336, 0.0, 0.0, 0.0, 40.0, 50.0, 0.0, 0.0, 0.0]
TOTAL_ERROR_RATE_MODIFIED_BACKSPACE: [0.0, 25.0, 0.0, 0.0, 0.0, 28.57143, 33.333336, 0.0, 0.0, 0.0]
FRECHET_DISTANCE_TOUCH_ONLY: [253.50542, 339.0, 229.03493, 143.12582, 138.92444, 330.93805, 414.7915, 101.04455, 291.01547, 183.32484]
FRECHET_DISTANCE_TOUCH_ONLY_MODIFIED_SHORTEST: [253.50542, 339.0, 229.03493, 143.12582, 138.92444, 330.93805, 414.7915, 101.04455, 291.01547, 183.32484]
FRECHET_DISTANCE_TOUCH_ONLY_MODIFIED_BACKSPACE: [253.50542, 205.93689, 229.03493, 143.12582, 138.92444, 343.39227, 414.7915, 101.04455, 291.01547, 183.32484]
KEYBOARD_TYPE: leapSurface
PRACTICE_WORDS_PER_INPUT: 10
WORD_ORDER: [pens, calla, docked, tim, rind, sinned, yipped, agues, fit, vales]
NUMBER_OF_TIMES_PLANE_BREACHED: [1, 1, 1, 1, 7, 1, 1, 1, 1, 6]
DISTANCE_TRAVELED_TOUCH_ONLY: [36.34831, 44.41031, 47.518505, 14.654245, 73.266174, 29.379482, 26.039526, 24.0817, 14.459939, 118.3984]
DISTANCE_TRAVELED_TOUCH_ONLY_SHORTEST: [36.34831, 44.41031, 47.518505, 14.654245, 73.266174, 29.379482, 26.039526, 24.0817, 14.459939, 118.3984]
TIME_DURATION_TOUCH_ONLY: [1.6340606, 1.7340807, 2.134388, 0.9671612, 1.7840799, 1.8175159, 2.1343024, 1.7840952, 0.9337739, 2.084215]
TIME_DURATION_TOUCH_ONLY_SHORTEST: [1.6340606, 1.7340807, 2.134388, 0.9671612, 1.7840799, 1.8175159, 2.1343024, 1.7840952, 0.9337739, 2.084215]
AVERAGE_PIXEL_VELOCITY: [22.247616, 25.628685, 22.268154, 15.155437, 11.016769, 16.170229, 12.20395, 13.502513, 15.488511, 15.340126]
REACTION_TIME_FIRST_PRESSED: [1.258086, 0.933545, 0.8335835, 0.8334623, 8.420257, 0.75020146, 0.9002592, 0.8334396, 0.8669578, 8.703748]
REACTION_TIME_FIRST_TOUCH: [1.258086, 0.933545, 0.8335835, 0.8334623, 0.65016544, 0.75020146, 0.9002592, 0.8334396, 0.8669578, 0.7836269]
AVERAGE_REACTION_TIME_TO_ERRORS: [0.0, 0.0, 0.0, 0.0, 2.0758362, 0.0, 0.0, 0.0, 0.0, 2.2758884]
TEXT_ENTRY_RATE_WPM: [22.031008, 27.680374, 28.111105, 24.814892, 20.178469, 33.012093, 28.112232, 26.904394, 25.702154, 23.030256]
TEXT_ENTRY_RATE_MODIFIED_WPM_SHORTEST: [22.031008, 27.680374, 28.111105, 24.814892, 20.178469, 33.012093, 28.112232, 26.904394, 25.702154, 23.030256]
TEXT_ENTRY_RATE_MODIFIED_WPM_VULTURE: [29.374674, 34.600468, 33.733322, 37.22234, 5.023984, 39.614513, 33.734676, 33.630493, 38.553234, 5.9974]
TEXT_ENTRY_RATE_MODIFIED_WPM_SHORTEST_VULTURE: [29.374674, 34.600468, 33.733322, 37.22234, 5.023984, 39.614513, 33.734676, 33.630493, 38.553234, 5.9974]
ERROR_RATE_KSPC: [1.0, 1.0, 1.0, 1.0, 5.5, 1.0, 1.0, 1.0, 1.0, 5.4]
ERROR_RATE_MODIFIED_KSPC_SHORTEST: [1.0, 1.0, 1.0, 1.0, 5.5, 1.0, 1.0, 1.0, 1.0, 5.4]
ERROR_RATE_MODIFIED_MSD_SHORTEST: [0.0, 0.0, 0.0, 0.0, 0.0, 0.0, 0.0, 0.0, 0.0, 0.0]
ERROR_RATE_MODIFIED_MSD_BACKSPACE: [0.0, 0.0, 0.0, 0.0, 40.909092, 0.0, 0.0, 0.0, 0.0, 40.74074]
TOTAL_ERROR_RATE: [0.0, 0.0, 0.0, 0.0, 69.230774, 0.0, 0.0, 0.0, 0.0, 68.75]
TOTAL_ERROR_RATE_MODIFIED_SHORTEST: [0.0, 0.0, 0.0, 0.0, 69.230774, 0.0, 0.0, 0.0, 0.0, 68.75]
TOTAL_ERROR_RATE_MODIFIED_BACKSPACE: [0.0, 0.0, 0.0, 0.0, 40.909092, 0.0, 0.0, 0.0, 0.0, 40.74074]
FRECHET_DISTANCE_TOUCH_ONLY: [257.3112, 283.84344, 198.32275, 101.52495, 369.55826, 202.19228, 255.71169, 148.46742, 133.4011, 558.0046]
FRECHET_DISTANCE_TOUCH_ONLY_MODIFIED_SHORTEST: [257.3112, 283.84344, 198.32275, 101.52495, 369.55826, 202.19228, 255.71169, 148.46742, 133.4011, 558.0046]
FRECHET_DISTANCE_TOUCH_ONLY_MODIFIED_BACKSPACE: [257.3112, 283.84344, 198.32275, 101.52495, 298.0354, 202.19228, 255.71169, 148.46742, 133.4011, 312.52472]
KEYBOARD_TYPE: leapAirStatic
PRACTICE_WORDS_PER_INPUT: 8
WORD_ORDER: [etc, tilled, hales, cocker, galls, pelf, tot, rube, shier, rubbed]
NUMBER_OF_TIMES_PLANE_BREACHED: [2, 1, 6, 1, 5, 1, 1, 1, 1, 1]
DISTANCE_TRAVELED_TOUCH_ONLY: [17.190344, 29.654716, 121.0448, 44.040295, 70.87509, 38.96654, 19.629734, 20.338696, 27.709162, 26.416668]
DISTANCE_TRAVELED_TOUCH_ONLY_SHORTEST: [13.377917, 29.654716, 65.5856, 44.040295, 70.87509, 38.96654, 19.629734, 20.338696, 27.709162, 26.416668]
TIME_DURATION_TOUCH_ONLY: [2.1009834, 2.7845085, 7.0200915, 4.1351967, 4.8521795, 2.9846623, 1.650757, 2.1343794, 2.7845032, 2.3177977]
TIME_DURATION_TOUCH_ONLY_SHORTEST: [1.6675236, 2.7845085, 3.885198, 4.1351967, 4.8521795, 2.9846623, 1.650757, 2.1343794, 2.7845032, 2.3177977]
AVERAGE_PIXEL_VELOCITY: [8.183959, 10.649146, 17.245249, 10.651981, 14.607627, 13.055383, 11.8937435, 9.530831, 9.950143, 11.398976]
REACTION_TIME_FIRST_PRESSED: [1.8441638, 1.5172162, 2.084104, 1.9341421, 1.8840734, 1.9340414, 1.7339858, 1.4504932, 1.8173274, 1.183686]
REACTION_TIME_FIRST_TOUCH: [1.8441638, 1.5172162, 2.084104, 1.9341421, 1.8840734, 1.9340414, 1.7339858, 1.4504932, 1.8173274, 1.183686]
AVERAGE_REACTION_TIME_TO_ERRORS: [1.6173729, 0.0, 0.8420406, 0.0, 0.9503603, 0.0, 0.0, 0.0, 0.0, 0.0]
TEXT_ENTRY_RATE_WPM: [11.423223, 21.547789, 6.837518, 14.509587, 9.892463, 12.061667, 14.538785, 16.86673, 17.238264, 25.886642]
TEXT_ENTRY_RATE_MODIFIED_WPM_SHORTEST: [14.3926, 21.547789, 12.354583, 14.509587, 9.892463, 12.061667, 14.538785, 16.86673, 17.238264, 25.886642]
TEXT_ENTRY_RATE_MODIFIED_WPM_VULTURE: [17.134834, 25.85735, 8.546897, 17.411507, 12.365577, 16.082222, 21.808178, 22.488974, 21.547829, 31.06397]
TEXT_ENTRY_RATE_MODIFIED_WPM_SHORTEST_VULTURE: [21.588902, 25.85735, 15.443229, 17.411507, 12.365577, 16.082222, 21.808178, 22.488974, 21.547829, 31.06397]
ERROR_RATE_KSPC: [1.6666666, 1.0, 3.4, 1.0, 2.2, 1.0, 1.0, 1.0, 1.0, 1.0]
ERROR_RATE_MODIFIED_KSPC_SHORTEST: [1.0, 1.0, 1.0, 1.0, 2.2, 1.0, 1.0, 1.0, 1.0, 1.0]
ERROR_RATE_MODIFIED_MSD_SHORTEST: [25.0, 0.0, 37.5, 0.0, 0.0, 0.0, 0.0, 0.0, 0.0, 0.0]
ERROR_RATE_MODIFIED_MSD_BACKSPACE: [20.0, 0.0, 35.294117, 0.0, 27.272728, 0.0, 0.0, 0.0, 0.0, 0.0]
TOTAL_ERROR_RATE: [25.0, 0.0, 54.545456, 0.0, 37.5, 0.0, 0.0, 0.0, 0.0, 0.0]
TOTAL_ERROR_RATE_MODIFIED_SHORTEST: [25.0, 0.0, 37.5, 0.0, 37.5, 0.0, 0.0, 0.0, 0.0, 0.0]
TOTAL_ERROR_RATE_MODIFIED_BACKSPACE: [20.0, 0.0, 35.294117, 0.0, 27.272728, 0.0, 0.0, 0.0, 0.0, 0.0]
FRECHET_DISTANCE_TOUCH_ONLY: [658.28156, 242.31372, 499.7995, 207.2437, 566.4117, 251.55528, 151.66194, 142.18318, 183.31386, 145.5934]
FRECHET_DISTANCE_TOUCH_ONLY_MODIFIED_SHORTEST: [100.366455, 242.31372, 619.64, 207.2437, 566.4117, 251.55528, 151.66194, 142.18318, 183.31386, 145.5934]
FRECHET_DISTANCE_TOUCH_ONLY_MODIFIED_BACKSPACE: [100.366455, 242.31372, 397.2427, 207.2437, 413.98886, 251.55528, 151.66194, 142.18318, 183.31386, 145.5934]
KEYBOARD_TYPE: leapAirPinch
PRACTICE_WORDS_PER_INPUT: 10
WORD_ORDER: [gaols, rocker, yippee, dunned, gin, shire, games, sue, find, kans]
NUMBER_OF_TIMES_PLANE_BREACHED: [3, 9, 1, 5, 1, 7, 7, 1, 1, 1]
DISTANCE_TRAVELED_TOUCH_ONLY: [73.86254, 156.10275, 33.523125, 82.8258, 21.906578, 95.80116, 114.499565, 27.045692, 30.157272, 48.65991]
DISTANCE_TRAVELED_TOUCH_ONLY_SHORTEST: [73.86254, 156.10275, 33.523125, 82.8258, 21.906578, 95.80116, 114.499565, 27.045692, 30.157272, 48.65991]
TIME_DURATION_TOUCH_ONLY: [4.4353433, 10.2042675, 4.251866, 9.270655, 2.1342628, 6.3696465, 7.4202824, 2.284329, 3.134683, 3.718443]
TIME_DURATION_TOUCH_ONLY_SHORTEST: [4.4353433, 10.2042675, 4.251866, 9.270655, 2.1342628, 6.3696465, 7.4202824, 2.284329, 3.134683, 3.718443]
AVERAGE_PIXEL_VELOCITY: [15.993575, 13.895192, 7.8899107, 8.948733, 10.275389, 15.032843, 15.451691, 11.824361, 9.61313, 13.082032]
REACTION_TIME_FIRST_PRESSED: [5.013658, 6.319357, 2.2008893, 2.200903, 1.2671269, 1.6173148, 1.650614, 1.1170658, 1.3004034, 1.4505092]
REACTION_TIME_FIRST_TOUCH: [1.84553, 2.6176686, 2.2008893, 2.200903, 1.2671269, 1.6173148, 1.650614, 1.1170658, 1.3004034, 1.4505092]
AVERAGE_REACTION_TIME_TO_ERRORS: [1.6341031, 2.0286593, 0.0, 1.6506739, 0.0, 1.2004846, 1.0253813, 0.0, 0.0, 0.0]
TEXT_ENTRY_RATE_WPM: [10.822162, 5.879893, 14.111452, 6.4720354, 11.245101, 7.53574, 6.468756, 10.506369, 11.484415, 9.681472]
TEXT_ENTRY_RATE_MODIFIED_WPM_SHORTEST: [10.822162, 5.879893, 14.111452, 6.4720354, 11.245101, 7.53574, 6.468756, 10.506369, 11.484415, 9.681472]
TEXT_ENTRY_RATE_MODIFIED_WPM_VULTURE: [7.8911324, 5.1776376, 16.933744, 7.7664423, 16.867651, 9.419675, 8.085945, 15.759552, 15.312553, 12.908629]
TEXT_ENTRY_RATE_MODIFIED_WPM_SHORTEST_VULTURE: [7.8911324, 5.1776376, 16.933744, 7.7664423, 16.867651, 9.419675, 8.085945, 15.759552, 15.312553, 12.908629]
ERROR_RATE_KSPC: [1.4, 3.6666667, 1.0, 2.3333333, 1.0, 2.6, 3.0, 1.0, 1.0, 1.0]
ERROR_RATE_MODIFIED_KSPC_SHORTEST: [1.4, 3.6666667, 1.0, 2.3333333, 1.0, 2.6, 3.0, 1.0, 1.0, 1.0]
ERROR_RATE_MODIFIED_MSD_SHORTEST: [0.0, 0.0, 0.0, 0.0, 0.0, 0.0, 0.0, 0.0, 0.0, 0.0]
ERROR_RATE_MODIFIED_MSD_BACKSPACE: [14.285715, 36.363636, 0.0, 28.57143, 0.0, 30.769232, 33.333336, 0.0, 0.0, 0.0]
TOTAL_ERROR_RATE: [16.666668, 57.14286, 0.0, 40.0, 0.0, 44.444447, 50.0, 0.0, 0.0, 0.0]
TOTAL_ERROR_RATE_MODIFIED_SHORTEST: [16.666668, 57.14286, 0.0, 40.0, 0.0, 44.444447, 50.0, 0.0, 0.0, 0.0]
TOTAL_ERROR_RATE_MODIFIED_BACKSPACE: [14.285715, 36.363636, 0.0, 28.57143, 0.0, 30.769232, 33.333336, 0.0, 0.0, 0.0]
FRECHET_DISTANCE_TOUCH_ONLY: [518.91925, 543.60284, 435.56537, 588.75354, 434.81235, 577.1917, 539.0161, 435.5715, 434.72958, 434.6595]
FRECHET_DISTANCE_TOUCH_ONLY_MODIFIED_SHORTEST: [518.91925, 543.60284, 435.56537, 588.75354, 434.81235, 577.1917, 539.0161, 435.5715, 434.72958, 434.6595]
FRECHET_DISTANCE_TOUCH_ONLY_MODIFIED_BACKSPACE: [438.12366, 510.60443, 435.56537, 437.46994, 434.81235, 447.94852, 443.0512, 435.5715, 434.72958, 434.6595]
KEYBOARD_TYPE: leapAirDynamic
PRACTICE_WORDS_PER_INPUT: 11
WORD_ORDER: [hipped, rubs, jane, yin, fir, docket, gales, balls, shirr, subbed]
NUMBER_OF_TIMES_PLANE_BREACHED: [1, 1, 1, 3, 1, 1, 1, 5, 1, 1]
DISTANCE_TRAVELED_TOUCH_ONLY: [25.892324, 21.10954, 36.16271, 27.952442, 15.459111, 43.907894, 42.452736, 67.399315, 21.111204, 24.701372]
DISTANCE_TRAVELED_TOUCH_ONLY_SHORTEST: [25.892324, 21.10954, 36.16271, 27.952442, 15.459111, 43.907894, 42.452736, 67.399315, 21.111204, 24.701372]
TIME_DURATION_TOUCH_ONLY: [2.9847062, 2.701328, 2.8512602, 1.7675805, 1.7507832, 3.7183263, 2.7511926, 2.767875, 2.2509751, 2.8011491]
TIME_DURATION_TOUCH_ONLY_SHORTEST: [2.9847062, 2.701328, 2.8512602, 1.7675805, 1.7507832, 3.7183263, 2.7511926, 2.767875, 2.2509751, 2.8011491]
AVERAGE_PIXEL_VELOCITY: [8.675395, 7.814936, 12.705846, 8.425782, 8.829491, 11.8092, 15.431093, 14.184668, 9.377211, 8.818597]
REACTION_TIME_FIRST_PRESSED: [1.2785629, 1.750617, 1.3504845, 3.5347352, 1.4505377, 1.2337782, 1.1003828, 6.186021, 1.3171873, 1.1670921]
REACTION_TIME_FIRST_TOUCH: [1.2785629, 1.750617, 1.3504845, 0.75015056, 1.4505377, 1.2337782, 1.1003828, 0.78353274, 1.3171873, 1.1670921]
AVERAGE_REACTION_TIME_TO_ERRORS: [0.0, 0.0, 0.0, 0.91705346, 0.0, 0.0, 0.0, 0.98373425, 0.0, 0.0]
TEXT_ENTRY_RATE_WPM: [20.102482, 13.326777, 12.625997, 13.577883, 13.708152, 16.136293, 17.446981, 17.341825, 21.324091, 21.419783]
TEXT_ENTRY_RATE_MODIFIED_WPM_SHORTEST: [20.102482, 13.326777, 12.625997, 13.577883, 13.708152, 16.136293, 17.446981, 17.341825, 21.324091, 21.419783]
TEXT_ENTRY_RATE_MODIFIED_WPM_VULTURE: [24.122978, 17.76904, 16.834661, 7.908325, 20.562227, 19.363552, 21.808723, 7.343614, 26.655115, 25.703735]
TEXT_ENTRY_RATE_MODIFIED_WPM_SHORTEST_VULTURE: [24.122978, 17.76904, 16.834661, 7.908325, 20.562227, 19.363552, 21.808723, 7.343614, 26.655115, 25.703735]
ERROR_RATE_KSPC: [1.0, 1.0, 1.0, 2.3333333, 1.0, 1.0, 1.0, 2.2, 1.0, 1.0]
ERROR_RATE_MODIFIED_KSPC_SHORTEST: [1.0, 1.0, 1.0, 2.3333333, 1.0, 1.0, 1.0, 2.2, 1.0, 1.0]
ERROR_RATE_MODIFIED_MSD_SHORTEST: [0.0, 0.0, 0.0, 0.0, 0.0, 0.0, 0.0, 0.0, 0.0, 0.0]
ERROR_RATE_MODIFIED_MSD_BACKSPACE: [0.0, 0.0, 0.0, 28.57143, 0.0, 0.0, 0.0, 27.272728, 0.0, 0.0]
TOTAL_ERROR_RATE: [0.0, 0.0, 0.0, 40.0, 0.0, 0.0, 0.0, 37.5, 0.0, 0.0]
TOTAL_ERROR_RATE_MODIFIED_SHORTEST: [0.0, 0.0, 0.0, 40.0, 0.0, 0.0, 0.0, 37.5, 0.0, 0.0]
TOTAL_ERROR_RATE_MODIFIED_BACKSPACE: [0.0, 0.0, 0.0, 28.57143, 0.0, 0.0, 0.0, 27.272728, 0.0, 0.0]
FRECHET_DISTANCE_TOUCH_ONLY: [252.3025, 153.29726, 219.49052, 409.68106, 148.68564, 205.68092, 284.4186, 526.497, 145.45087, 164.44742]
FRECHET_DISTANCE_TOUCH_ONLY_MODIFIED_SHORTEST: [252.3025, 153.29726, 219.49052, 409.68106, 148.68564, 205.68092, 284.4186, 526.497, 145.45087, 164.44742]
FRECHET_DISTANCE_TOUCH_ONLY_MODIFIED_BACKSPACE: [252.3025, 153.29726, 219.49052, 230.79929, 148.68564, 205.68092, 284.4186, 288.6785, 145.45087, 164.44742]
KEYBOARD_TYPE: leapAirBimodal
PRACTICE_WORDS_PER_INPUT: 5
WORD_ORDER: [got, sicker, dinned, mans, yells, tom, topped, whiff, dubs, galea]
NUMBER_OF_TIMES_PLANE_BREACHED: [1, 1, 1, 1, 1, 1, 1, 1, 1, 1]
DISTANCE_TRAVELED_TOUCH_ONLY: [16.563044, 42.945793, 30.94572, 39.857643, 34.230244, 12.590665, 27.91268, 20.297989, 21.916147, 47.145092]
DISTANCE_TRAVELED_TOUCH_ONLY_SHORTEST: [16.563044, 42.945793, 30.94572, 39.857643, 34.230244, 12.590665, 27.91268, 20.297989, 21.916147, 47.145092]
TIME_DURATION_TOUCH_ONLY: [1.600659, 3.5181575, 2.8346395, 2.2009854, 2.1343322, 1.2172853, 2.7846005, 1.8508431, 1.9007732, 2.7846088]
TIME_DURATION_TOUCH_ONLY_SHORTEST: [1.600659, 3.5181575, 2.8346395, 2.2009854, 2.1343322, 1.2172853, 2.7846005, 1.8508431, 1.9007732, 2.7846088]
AVERAGE_PIXEL_VELOCITY: [10.347241, 12.21034, 10.917238, 18.107986, 16.037176, 10.344061, 10.026084, 10.96948, 11.528669, 16.93345]
REACTION_TIME_FIRST_PRESSED: [1.0244462, 1.1169724, 1.0002031, 1.2836561, 1.3836788, 1.1170135, 0.9502704, 1.2336705, 0.91692, 1.2337043]
REACTION_TIME_FIRST_TOUCH: [1.0244462, 1.1169724, 1.0002031, 1.2836561, 1.3836788, 1.1170135, 0.9502704, 1.2336705, 0.91692, 1.2337043]
AVERAGE_REACTION_TIME_TO_ERRORS: [0.0, 0.0, 0.0, 0.0, 0.0, 0.0, 0.0, 0.0, 0.0, 0.0]
TEXT_ENTRY_RATE_WPM: [14.993825, 17.054382, 21.166712, 16.35631, 22.48947, 19.716003, 21.547077, 25.934128, 18.939663, 17.237608]
TEXT_ENTRY_RATE_MODIFIED_WPM_SHORTEST: [14.993825, 17.054382, 21.166712, 16.35631, 22.48947, 19.716003, 21.547077, 25.934128, 18.939663, 17.237608]
TEXT_ENTRY_RATE_MODIFIED_WPM_VULTURE: [22.490736, 20.465258, 25.400057, 21.808414, 28.111837, 29.574005, 25.856491, 32.41766, 25.252882, 21.547012]
TEXT_ENTRY_RATE_MODIFIED_WPM_SHORTEST_VULTURE: [22.490736, 20.465258, 25.400057, 21.808414, 28.111837, 29.574005, 25.856491, 32.41766, 25.252882, 21.547012]
ERROR_RATE_KSPC: [1.0, 1.0, 1.0, 1.0, 1.0, 1.0, 1.0, 1.0, 1.0, 1.0]
ERROR_RATE_MODIFIED_KSPC_SHORTEST: [1.0, 1.0, 1.0, 1.0, 1.0, 1.0, 1.0, 1.0, 1.0, 1.0]
ERROR_RATE_MODIFIED_MSD_SHORTEST: [0.0, 0.0, 0.0, 0.0, 0.0, 0.0, 0.0, 0.0, 0.0, 0.0]
ERROR_RATE_MODIFIED_MSD_BACKSPACE: [0.0, 0.0, 0.0, 0.0, 0.0, 0.0, 0.0, 0.0, 0.0, 0.0]
TOTAL_ERROR_RATE: [0.0, 0.0, 0.0, 0.0, 0.0, 0.0, 0.0, 0.0, 0.0, 0.0]
TOTAL_ERROR_RATE_MODIFIED_SHORTEST: [0.0, 0.0, 0.0, 0.0, 0.0, 0.0, 0.0, 0.0, 0.0, 0.0]
TOTAL_ERROR_RATE_MODIFIED_BACKSPACE: [0.0, 0.0, 0.0, 0.0, 0.0, 0.0, 0.0, 0.0, 0.0, 0.0]
FRECHET_DISTANCE_TOUCH_ONLY: [144.51576, 205.98119, 171.91383, 256.4904, 259.77505, 139.81323, 256.91815, 169.18378, 146.52296, 284.57318]
FRECHET_DISTANCE_TOUCH_ONLY_MODIFIED_SHORTEST: [144.51576, 205.98119, 171.91383, 256.4904, 259.77505, 139.81323, 256.91815, 169.18378, 146.52296, 284.57318]
FRECHET_DISTANCE_TOUCH_ONLY_MODIFIED_BACKSPACE: [144.51576, 205.98119, 171.91383, 256.4904, 259.77505, 139.81323, 256.91815, 169.18378, 146.52296, 284.57318]
