KEYBOARD_TYPE: controller
PRACTICE_WORDS_PER_INPUT: 3
WORD_ORDER: [rub, shied, docker, dubbed, calls, pans, tippee, fibs, gapes, fie]
NUMBER_OF_TIMES_PLANE_BREACHED: [1, 1, 1, 1, 1, 1, 1, 1, 1, 1]
DISTANCE_TRAVELED_FIRST_TOUCH: [602.0, 1019.0, 1679.0, 1281.0, 544.0, 972.0, 707.0, 1099.0, 834.0, 823.0]
DISTANCE_TRAVELED_FIRST_TOUCH_SHORTEST: [602.0, 1019.0, 1679.0, 1281.0, 544.0, 972.0, 707.0, 1099.0, 834.0, 823.0]
TIME_DURATION_FIRST_TOUCH: [3.544854, 5.400731, 7.38994, 6.47022, 4.134903, 6.0265226, 4.338365, 6.001916, 4.9628534, 3.7950656]
TIME_DURATION_FIRST_TOUCH_SHORTEST: [3.544854, 5.400731, 7.38994, 6.47022, 4.134903, 6.0265226, 4.338365, 6.001916, 4.9628534, 3.7950656]
AVERAGE_PIXEL_VELOCITY: [267.59122, 265.81857, 285.13882, 259.8275, 215.83096, 227.7596, 245.69287, 242.64516, 228.37386, 277.18723]
REACTION_TIME_FIRST_PRESSED: [1.8631998, 1.6173514, 0.8503453, 1.2671515, 0.9337119, 1.9175075, 2.0008438, 1.4006268, 1.5005467, 1.2171391]
REACTION_TIME_FIRST_TOUCH: [0.92945606, 0.71689904, 0.8503453, 0.7335972, 0.6835872, 0.91702855, 1.0837463, 0.7835979, 0.833592, 0.70019746]
AVERAGE_REACTION_TIME_TO_ERRORS: [0.0, 0.0, 0.0, 0.0, 0.0, 0.0, 0.0, 0.0, 0.0, 0.0]
TEXT_ENTRY_RATE_WPM: [9.191493, 10.666007, 8.119146, 10.106684, 12.355918, 7.1626916, 17.53736, 6.6853766, 11.173449, 7.321261]
TEXT_ENTRY_RATE_MODIFIED_WPM_SHORTEST: [9.191493, 10.666007, 8.119146, 10.106684, 12.355918, 7.1626916, 17.53736, 6.6853766, 11.173449, 7.321261]
TEXT_ENTRY_RATE_MODIFIED_WPM_VULTURE: [8.045934, 9.807719, 8.737562, 9.994701, 12.452033, 6.912889, 13.27896, 7.073893, 10.351172, 8.0084305]
TEXT_ENTRY_RATE_MODIFIED_WPM_SHORTEST_VULTURE: [8.045934, 9.807719, 8.737562, 9.994701, 12.452033, 6.912889, 13.27896, 7.073893, 10.351172, 8.0084305]
ERROR_RATE_KSPC: [1.0, 1.0, 1.0, 1.0, 1.0, 1.0, 1.0, 1.0, 1.0, 1.0]
ERROR_RATE_MODIFIED_KSPC_SHORTEST: [1.0, 1.0, 1.0, 1.0, 1.0, 1.0, 1.0, 1.0, 1.0, 1.0]
ERROR_RATE_MODIFIED_KSPC_BACKSPACE: [1.0, 1.0, 1.0, 1.0, 1.0, 1.0, 1.0, 1.0, 1.0, 1.0]
ERROR_RATE_MODIFIED_MSD_SHORTEST: [0.0, 0.0, 0.0, 0.0, 0.0, 0.0, 0.0, 0.0, 0.0, 0.0]
ERROR_RATE_MODIFIED_MSD_BACKSPACE: [0.0, 0.0, 0.0, 0.0, 0.0, 0.0, 0.0, 0.0, 0.0, 0.0]
TOTAL_ERROR_RATE: [0.0, 0.0, 0.0, 0.0, 0.0, 0.0, 0.0, 0.0, 0.0, 0.0]
TOTAL_ERROR_RATE_MODIFIED_SHORTEST: [0.0, 0.0, 0.0, 0.0, 0.0, 0.0, 0.0, 0.0, 0.0, 0.0]
TOTAL_ERROR_RATE_MODIFIED_BACKSPACE: [0.0, 0.0, 0.0, 0.0, 0.0, 0.0, 0.0, 0.0, 0.0, 0.0]
FRECHET_DISTANCE_TOUCH_ONLY: [116.0, 116.0, 180.27756, 138.0, 69.0, 134.97037, 116.0, 174.0, 116.0, 116.0]
FRECHET_DISTANCE_TOUCH_ONLY_MODIFIED_SHORTEST: [116.0, 116.0, 180.27756, 138.0, 69.0, 134.97037, 116.0, 174.0, 116.0, 116.0]
FRECHET_DISTANCE_TOUCH_ONLY_MODIFIED_BACKSPACE: [116.0, 116.0, 180.27756, 138.0, 69.0, 134.97037, 116.0, 174.0, 116.0, 116.0]
KEYBOARD_TYPE: tablet
PRACTICE_WORDS_PER_INPUT: 8
WORD_ORDER: [shirt, fins, owns, tin, dicker, ginned, falls, hot, dales, ripped]
NUMBER_OF_TIMES_PLANE_BREACHED: [1, 1, 1, 1, 1, 1, 1, 1, 1, 1]
DISTANCE_TRAVELED_FIRST_TOUCH: [814.2347, 831.397, 1363.02, 427.52768, 1461.6304, 871.4803, 1380.3153, 425.42432, 1391.4703, 1073.2711]
DISTANCE_TRAVELED_FIRST_TOUCH_SHORTEST: [814.2347, 831.397, 1363.02, 427.52768, 1461.6304, 871.4803, 1380.3153, 425.42432, 1391.4703, 1073.2711]
TIME_DURATION_FIRST_TOUCH: [1.4691279, 1.2815901, 1.625414, 0.8129331, 1.9692514, 1.7192849, 1.5318332, 0.875597, 1.6568598, 1.7506937]
TIME_DURATION_FIRST_TOUCH_SHORTEST: [1.4691279, 1.2815901, 1.625414, 0.8129331, 1.9692514, 1.7192849, 1.5318332, 0.875597, 1.6568598, 1.7506937]
AVERAGE_PIXEL_VELOCITY: [554.2733, 649.28613, 838.91504, 526.33093, 742.5375, 506.9161, 901.79877, 486.11407, 840.39075, 613.1326]
REACTION_TIME_FIRST_PRESSED: [1.1934607, 0.9997593, 1.031845, 1.062456, 1.1873184, 1.0311427, 0.96863276, 1.0935253, 1.1562932, 1.06236]
REACTION_TIME_FIRST_TOUCH: [1.1934607, 0.9997593, 1.031845, 1.062456, 1.1873184, 1.0311427, 0.96863276, 1.0935253, 1.1562932, 1.06236]
AVERAGE_REACTION_TIME_TO_ERRORS: [0.0, 0.0, 0.0, 0.0, 0.0, 0.0, 0.0, 0.0, 0.0, 0.0]
TEXT_ENTRY_RATE_WPM: [32.672447, 28.090103, 22.148203, 29.522724, 30.46843, 34.89823, 31.335005, 27.40987, 28.970469, 34.272133]
TEXT_ENTRY_RATE_MODIFIED_WPM_SHORTEST: [32.672447, 28.090103, 22.148203, 29.522724, 30.46843, 34.89823, 31.335005, 27.40987, 28.970469, 34.272133]
TEXT_ENTRY_RATE_MODIFIED_WPM_VULTURE: [22.53446, 21.04018, 18.063726, 19.196016, 22.809568, 26.177748, 23.995527, 18.282257, 21.328382, 25.594963]
TEXT_ENTRY_RATE_MODIFIED_WPM_SHORTEST_VULTURE: [22.53446, 21.04018, 18.063726, 19.196016, 22.809568, 26.177748, 23.995527, 18.282257, 21.328382, 25.594963]
ERROR_RATE_KSPC: [1.0, 1.0, 1.0, 1.0, 1.0, 1.0, 1.0, 1.0, 1.0, 1.0]
ERROR_RATE_MODIFIED_KSPC_SHORTEST: [1.0, 1.0, 1.0, 1.0, 1.0, 1.0, 1.0, 1.0, 1.0, 1.0]
ERROR_RATE_MODIFIED_KSPC_BACKSPACE: [1.0, 1.0, 1.0, 1.0, 1.0, 1.0, 1.0, 1.0, 1.0, 1.0]
ERROR_RATE_MODIFIED_MSD_SHORTEST: [0.0, 0.0, 0.0, 0.0, 0.0, 0.0, 0.0, 0.0, 0.0, 0.0]
ERROR_RATE_MODIFIED_MSD_BACKSPACE: [0.0, 0.0, 0.0, 0.0, 0.0, 0.0, 0.0, 0.0, 0.0, 0.0]
TOTAL_ERROR_RATE: [0.0, 0.0, 0.0, 0.0, 0.0, 0.0, 0.0, 0.0, 0.0, 0.0]
TOTAL_ERROR_RATE_MODIFIED_SHORTEST: [0.0, 0.0, 0.0, 0.0, 0.0, 0.0, 0.0, 0.0, 0.0, 0.0]
TOTAL_ERROR_RATE_MODIFIED_BACKSPACE: [0.0, 0.0, 0.0, 0.0, 0.0, 0.0, 0.0, 0.0, 0.0, 0.0]
FRECHET_DISTANCE_TOUCH_ONLY: [148.78844, 172.79178, 265.41476, 82.710335, 183.86136, 175.64168, 289.0623, 143.01399, 272.14886, 244.95102]
FRECHET_DISTANCE_TOUCH_ONLY_MODIFIED_SHORTEST: [148.78844, 172.79178, 265.41476, 82.710335, 183.86136, 175.64168, 289.0623, 143.01399, 272.14886, 244.95102]
FRECHET_DISTANCE_TOUCH_ONLY_MODIFIED_BACKSPACE: [148.78844, 172.79178, 265.41476, 82.710335, 183.86136, 175.64168, 289.0623, 143.01399, 272.14886, 244.95102]
KEYBOARD_TYPE: leapSurface
PRACTICE_WORDS_PER_INPUT: 11
WORD_ORDER: [fit, tim, pens, agues, vales, yipped, rind, docked, sinned, calla]
NUMBER_OF_TIMES_PLANE_BREACHED: [1, 1, 1, 1, 3, 1, 1, 1, 1, 3]
DISTANCE_TRAVELED_FIRST_TOUCH: [606.17865, 470.41937, 1396.7794, 1019.2026, 4359.661, 1088.6344, 927.90485, 1823.1638, 1214.4922, 4221.363]
DISTANCE_TRAVELED_FIRST_TOUCH_SHORTEST: [606.17865, 470.41937, 1396.7794, 1019.2026, 1726.5999, 1088.6344, 927.90485, 1823.1638, 1214.4922, 4221.363]
TIME_DURATION_FIRST_TOUCH: [1.1018509, 0.8484698, 1.7236694, 1.5561868, 5.804105, 1.8615663, 1.3866612, 2.4027877, 1.7133796, 4.981729]
TIME_DURATION_FIRST_TOUCH_SHORTEST: [1.1018509, 0.8484698, 1.7236694, 1.5561868, 1.935781, 1.8615663, 1.3866612, 2.4027877, 1.7133796, 4.981729]
AVERAGE_PIXEL_VELOCITY: [550.9934, 553.36456, 813.24133, 657.4267, 667.4178, 583.038, 670.5618, 759.56903, 707.2987, 702.5376]
REACTION_TIME_FIRST_PRESSED: [1.4604068, 1.0835588, 1.0169733, 1.2504376, 1.116991, 1.0335889, 1.0003464, 1.0837221, 0.9836702, 1.0170494]
REACTION_TIME_FIRST_TOUCH: [1.4604068, 1.0835588, 1.0169733, 1.2504376, 1.116991, 1.0335889, 1.0003464, 1.0837221, 0.9836702, 1.0170494]
AVERAGE_REACTION_TIME_TO_ERRORS: [0.0, 0.0, 0.0, 0.0, 2.2343237, 0.0, 0.0, 0.0, 0.0, 1.8174678]
TEXT_ENTRY_RATE_WPM: [21.78153, 28.286219, 20.885677, 30.844625, 8.27001, 32.230923, 25.96164, 24.970995, 35.01851, 9.635209]
TEXT_ENTRY_RATE_MODIFIED_WPM_SHORTEST: [21.78153, 28.286219, 20.885677, 30.844625, 24.796194, 32.230923, 25.96164, 24.970995, 35.01851, 9.635209]
TEXT_ENTRY_RATE_MODIFIED_WPM_VULTURE: [14.050109, 18.633265, 17.514143, 21.377995, 8.6691475, 24.869133, 20.10886, 20.651026, 26.695837, 10.002037]
TEXT_ENTRY_RATE_MODIFIED_WPM_SHORTEST_VULTURE: [14.050109, 18.633265, 17.514143, 21.377995, 19.654268, 24.869133, 20.10886, 20.651026, 26.695837, 10.002037]
ERROR_RATE_KSPC: [1.0, 1.0, 1.0, 1.0, 2.6, 1.0, 1.0, 1.0, 1.0, 2.6]
ERROR_RATE_MODIFIED_KSPC_SHORTEST: [1.0, 1.0, 1.0, 1.0, 1.0, 1.0, 1.0, 1.0, 1.0, 2.6]
ERROR_RATE_MODIFIED_KSPC_BACKSPACE: [1.0, 1.0, 1.0, 1.0, 1.0, 1.0, 1.0, 1.0, 1.0, 1.0]
ERROR_RATE_MODIFIED_MSD_SHORTEST: [0.0, 0.0, 0.0, 0.0, 44.444447, 0.0, 0.0, 0.0, 0.0, 0.0]
ERROR_RATE_MODIFIED_MSD_BACKSPACE: [0.0, 0.0, 0.0, 0.0, 30.769232, 0.0, 0.0, 0.0, 0.0, 30.769232]
TOTAL_ERROR_RATE: [0.0, 0.0, 0.0, 0.0, 44.444447, 0.0, 0.0, 0.0, 0.0, 44.444447]
TOTAL_ERROR_RATE_MODIFIED_SHORTEST: [0.0, 0.0, 0.0, 0.0, 44.444447, 0.0, 0.0, 0.0, 0.0, 44.444447]
TOTAL_ERROR_RATE_MODIFIED_BACKSPACE: [0.0, 0.0, 0.0, 0.0, 30.769232, 0.0, 0.0, 0.0, 0.0, 30.769232]
FRECHET_DISTANCE_TOUCH_ONLY: [138.7331, 111.68598, 252.56845, 149.60062, 344.3835, 249.59402, 148.07912, 205.44705, 204.23993, 404.58636]
FRECHET_DISTANCE_TOUCH_ONLY_MODIFIED_SHORTEST: [138.7331, 111.68598, 252.56845, 149.60062, 286.91718, 249.59402, 148.07912, 205.44705, 204.23993, 404.58636]
FRECHET_DISTANCE_TOUCH_ONLY_MODIFIED_BACKSPACE: [138.7331, 111.68598, 252.56845, 149.60062, 344.3835, 249.59402, 148.07912, 205.44705, 204.23993, 404.58636]
KEYBOARD_TYPE: leapAirStatic
PRACTICE_WORDS_PER_INPUT: 8
WORD_ORDER: [cocker, hales, rube, shier, rubbed, pelf, galls, etc, tilled, tot]
NUMBER_OF_TIMES_PLANE_BREACHED: [5, 5, 1, 1, 5, 7, 10, 1, 3, 8]
DISTANCE_TRAVELED_FIRST_TOUCH: [3756.9358, 4114.281, 812.47003, 843.66864, 2082.5752, 3322.965, 5649.9106, 408.14648, 3143.982, 4131.227]
DISTANCE_TRAVELED_FIRST_TOUCH_SHORTEST: [3756.9358, 4114.281, 812.47003, 843.66864, 2082.5752, 3322.965, 5649.9106, 408.14648, 3143.982, 4131.227]
TIME_DURATION_FIRST_TOUCH: [13.759631, 11.989818, 3.4437692, 3.0274334, 8.506357, 12.085487, 17.552729, 2.46444, 9.825206, 14.537966]
TIME_DURATION_FIRST_TOUCH_SHORTEST: [13.759631, 11.989818, 3.4437692, 3.0274334, 8.506357, 12.085487, 17.552729, 2.46444, 9.825206, 14.537966]
AVERAGE_PIXEL_VELOCITY: [247.73985, 323.7431, 235.3608, 277.99606, 173.07169, 200.8328, 393.18933, 165.41212, 226.04716, 177.35352]
REACTION_TIME_FIRST_PRESSED: [2.5576184, 4.3350534, 2.7678714, 2.517612, 0.099940725, 4.068356, 2.2841814, 2.5844443, 2.617552, 2.2508647]
REACTION_TIME_FIRST_TOUCH: [2.5576184, 4.3350534, 2.7678714, 2.517612, 0.099940725, 4.068356, 2.2841814, 2.5844443, 2.617552, 2.2508647]
AVERAGE_REACTION_TIME_TO_ERRORS: [2.5510454, 1.9007692, 0.0, 0.0, 1.8341281, 1.5006062, 0.99486226, 0.0, 2.3843045, 2.5761213]
TEXT_ENTRY_RATE_WPM: [4.360582, 4.003397, 10.453663, 15.855014, 7.0535483, 2.9787793, 2.7346177, 9.738521, 6.1067424, 1.6508502]
TEXT_ENTRY_RATE_MODIFIED_WPM_SHORTEST: [4.360582, 4.003397, 10.453663, 15.855014, 7.0535483, 2.9787793, 2.7346177, 9.738521, 6.1067424, 1.6508502]
TEXT_ENTRY_RATE_MODIFIED_WPM_VULTURE: [4.4125085, 3.6753736, 7.727428, 10.820471, 8.365967, 2.971429, 3.0246646, 7.130288, 5.7864985, 2.144283]
TEXT_ENTRY_RATE_MODIFIED_WPM_SHORTEST_VULTURE: [4.4125085, 3.6753736, 7.727428, 10.820471, 8.365967, 2.971429, 3.0246646, 7.130288, 5.7864985, 2.144283]
ERROR_RATE_KSPC: [1.3333334, 2.2, 1.0, 1.0, 2.0, 2.5, 3.8, 1.0, 1.3333334, 5.0]
ERROR_RATE_MODIFIED_KSPC_SHORTEST: [1.3333334, 2.2, 1.0, 1.0, 2.0, 2.5, 3.8, 1.0, 1.3333334, 5.0]
ERROR_RATE_MODIFIED_KSPC_BACKSPACE: [1.0, 1.0, 1.0, 1.0, 1.0, 1.0, 1.0, 1.0, 1.0, 1.0]
ERROR_RATE_MODIFIED_MSD_SHORTEST: [0.0, 0.0, 0.0, 0.0, 0.0, 0.0, 0.0, 0.0, 0.0, 0.0]
ERROR_RATE_MODIFIED_MSD_BACKSPACE: [12.5, 27.272728, 0.0, 0.0, 25.0, 30.000002, 36.842106, 0.0, 12.5, 40.0]
TOTAL_ERROR_RATE: [14.285715, 37.5, 0.0, 0.0, 33.333336, 42.857143, 58.333332, 0.0, 14.285715, 66.66667]
TOTAL_ERROR_RATE_MODIFIED_SHORTEST: [14.285715, 37.5, 0.0, 0.0, 33.333336, 42.857143, 58.333332, 0.0, 14.285715, 66.66667]
TOTAL_ERROR_RATE_MODIFIED_BACKSPACE: [12.5, 27.272728, 0.0, 0.0, 25.0, 30.000002, 36.842106, 0.0, 12.5, 40.0]
FRECHET_DISTANCE_TOUCH_ONLY: [332.29907, 496.5409, 148.80008, 184.5917, 478.6054, 290.69714, 364.34964, 75.71125, 256.89355, 309.69196]
FRECHET_DISTANCE_TOUCH_ONLY_MODIFIED_SHORTEST: [332.29907, 496.5409, 148.80008, 184.5917, 478.6054, 290.69714, 364.34964, 75.71125, 256.89355, 309.69196]
FRECHET_DISTANCE_TOUCH_ONLY_MODIFIED_BACKSPACE: [208.46169, 414.90976, 148.80008, 184.5917, 221.37546, 289.49664, 365.95062, 75.71125, 260.77274, 181.22649]
KEYBOARD_TYPE: leapAirPinch
PRACTICE_WORDS_PER_INPUT: 17
WORD_ORDER: [yippee, shire, gin, sue, games, kans, gaols, find, rocker, dunned]
NUMBER_OF_TIMES_PLANE_BREACHED: [2, 11, 1, 6, 5, 9, 4, 4, 5, 6]
DISTANCE_TRAVELED_FIRST_TOUCH: [1007.92615, 5411.132, 724.4682, 2879.9321, 4371.7793, 5231.0576, 3306.4949, 3960.6265, 2857.0417, 3696.533]
DISTANCE_TRAVELED_FIRST_TOUCH_SHORTEST: [1007.92615, 3723.485, 724.4682, 2879.9321, 4371.7793, 5231.0576, 3306.4949, 3960.6265, 2857.0417, 3696.533]
TIME_DURATION_FIRST_TOUCH: [4.597125, 17.718777, 2.1277575, 10.515468, 10.939444, 19.30552, 7.83054, 8.269728, 8.455217, 12.147855]
TIME_DURATION_FIRST_TOUCH_SHORTEST: [4.597125, 13.583593, 2.1277575, 10.515468, 10.939444, 19.30552, 7.83054, 8.269728, 8.455217, 12.147855]
AVERAGE_PIXEL_VELOCITY: [119.095535, 243.0597, 339.45853, 346.3397, 315.45895, 226.598, 386.0986, 291.81396, 307.31235, 213.38731]
REACTION_TIME_FIRST_PRESSED: [2.7951567, 2.5843484, 1.6339157, 1.6005756, 6.5528436, 7.403232, 1.5005516, 5.4189744, 3.1847095, 5.3856177]
REACTION_TIME_FIRST_TOUCH: [2.7951567, 2.5843484, 1.6339157, 1.6005756, 0.76692414, 0.16666031, 1.5005516, 0.20003192, 3.1847095, 1.5839332]
AVERAGE_REACTION_TIME_TO_ERRORS: [0.0, 1.6562895, 0.0, 1.6173352, 1.4755718, 1.9174885, 1.6507326, 1.2337955, 1.4339832, 1.6340126]
TEXT_ENTRY_RATE_WPM: [13.051635, 2.7089908, 11.279481, 2.2823522, 9.314015, 2.9828618, 6.1298456, 11.80024, 7.0962105, 7.188926]
TEXT_ENTRY_RATE_MODIFIED_WPM_SHORTEST: [13.051635, 3.533675, 11.279481, 2.2823522, 9.314015, 2.9828618, 6.1298456, 11.80024, 7.0962105, 7.188926]
TEXT_ENTRY_RATE_MODIFIED_WPM_VULTURE: [9.739889, 2.95521, 9.570209, 2.9712672, 5.125416, 2.4650555, 6.4301157, 5.6672206, 6.185606, 5.2433085]
TEXT_ENTRY_RATE_MODIFIED_WPM_SHORTEST_VULTURE: [9.739889, 3.7110474, 9.570209, 2.9712672, 5.125416, 2.4650555, 6.4301157, 5.6672206, 6.185606, 5.2433085]
ERROR_RATE_KSPC: [1.0, 5.0, 1.0, 3.0, 1.8, 4.0, 1.4, 3.0, 2.3333333, 2.3333333]
ERROR_RATE_MODIFIED_KSPC_SHORTEST: [1.0, 3.2857144, 1.0, 3.0, 1.8, 4.0, 1.4, 3.0, 2.3333333, 2.3333333]
ERROR_RATE_MODIFIED_KSPC_BACKSPACE: [1.0, 1.0, 1.0, 1.0, 1.0, 1.0, 1.0, 1.0, 1.0, 1.0]
ERROR_RATE_MODIFIED_MSD_SHORTEST: [0.0, 28.57143, 0.0, 0.0, 0.0, 0.0, 0.0, 0.0, 0.0, 0.0]
ERROR_RATE_MODIFIED_MSD_BACKSPACE: [0.0, 40.0, 0.0, 33.333336, 22.222223, 37.5, 14.285715, 33.333336, 28.57143, 28.57143]
TOTAL_ERROR_RATE: [0.0, 66.66667, 0.0, 50.0, 28.57143, 60.000004, 16.666668, 50.0, 40.0, 40.0]
TOTAL_ERROR_RATE_MODIFIED_SHORTEST: [0.0, 66.66667, 0.0, 50.0, 28.57143, 60.000004, 16.666668, 50.0, 40.0, 40.0]
TOTAL_ERROR_RATE_MODIFIED_BACKSPACE: [0.0, 40.0, 0.0, 33.333336, 22.222223, 37.5, 14.285715, 33.333336, 28.57143, 28.57143]
FRECHET_DISTANCE_TOUCH_ONLY: [78.32474, 383.32266, 108.08408, 521.62506, 489.78464, 458.37332, 540.1133, 379.28638, 318.30368, 447.7633]
FRECHET_DISTANCE_TOUCH_ONLY_MODIFIED_SHORTEST: [78.32474, 383.32266, 108.08408, 521.62506, 489.78464, 458.37332, 540.1133, 379.28638, 318.30368, 447.7633]
FRECHET_DISTANCE_TOUCH_ONLY_MODIFIED_BACKSPACE: [78.32474, 324.6747, 108.08408, 172.69006, 288.66013, 441.1597, 385.42947, 291.65234, 210.05025, 127.953674]
KEYBOARD_TYPE: leapAirDynamic
PRACTICE_WORDS_PER_INPUT: 10
WORD_ORDER: [fir, docket, balls, gales, rubs, subbed, hipped, jane, shirr, yin]
NUMBER_OF_TIMES_PLANE_BREACHED: [1, 1, 3, 2, 1, 2, 1, 1, 1, 1]
DISTANCE_TRAVELED_FIRST_TOUCH: [751.6976, 1742.1376, 3777.9937, 2833.659, 845.3398, 2195.3977, 1140.2917, 1492.6345, 1072.9761, 490.52545]
DISTANCE_TRAVELED_FIRST_TOUCH_SHORTEST: [751.6976, 1742.1376, 3777.9937, 1673.4337, 845.3398, 1730.779, 1140.2917, 1492.6345, 1072.9761, 490.52545]
TIME_DURATION_FIRST_TOUCH: [3.0524411, 4.4385924, 7.6893835, 5.224594, 2.6980274, 5.2076116, 2.713641, 3.6064184, 3.0709476, 1.8365238]
TIME_DURATION_FIRST_TOUCH_SHORTEST: [3.0524411, 4.4385924, 7.6893835, 3.2738376, 2.6980274, 3.7069943, 2.713641, 3.6064184, 3.0709476, 1.8365238]
AVERAGE_PIXEL_VELOCITY: [246.38046, 392.82593, 455.6342, 470.3429, 312.98007, 402.10925, 419.56567, 414.4562, 349.75067, 267.45966]
REACTION_TIME_FIRST_PRESSED: [4.1296816, 1.9507687, 5.435727, 1.3005173, 3.0846045, 2.150883, 1.3505371, 1.1503831, 1.5839392, 2.6344156]
REACTION_TIME_FIRST_TOUCH: [4.1296816, 1.9507687, 1.017087, 1.3005173, 3.0846045, 2.150883, 1.3505371, 1.1503831, 1.5839392, 2.6344156]
AVERAGE_REACTION_TIME_TO_ERRORS: [0.0, 0.0, 1.6340095, 1.4172678, 0.0, 1.5339919, 0.0, 0.0, 0.0, 0.0]
TEXT_ENTRY_RATE_WPM: [7.86256, 13.5177965, 14.675563, 9.187317, 13.343081, 11.521596, 22.110518, 9.982203, 15.630355, 13.068166]
TEXT_ENTRY_RATE_MODIFIED_WPM_SHORTEST: [7.86256, 13.5177965, 14.675563, 14.661692, 13.343081, 16.185621, 22.110518, 9.982203, 15.630355, 13.068166]
TEXT_ENTRY_RATE_MODIFIED_WPM_VULTURE: [5.012446, 11.268732, 6.891426, 9.195246, 8.300719, 9.78461, 17.715761, 10.090814, 12.889679, 8.051999]
TEXT_ENTRY_RATE_MODIFIED_WPM_SHORTEST_VULTURE: [5.012446, 11.268732, 6.891426, 13.116603, 8.300719, 12.291142, 17.715761, 10.090814, 12.889679, 8.051999]
ERROR_RATE_KSPC: [1.0, 1.0, 2.6, 1.4, 1.0, 2.0, 1.0, 1.0, 1.0, 1.0]
ERROR_RATE_MODIFIED_KSPC_SHORTEST: [1.0, 1.0, 2.6, 1.0, 1.0, 1.0, 1.0, 1.0, 1.0, 1.0]
ERROR_RATE_MODIFIED_KSPC_BACKSPACE: [1.0, 1.0, 1.0, 1.0, 1.0, 1.0, 1.0, 1.0, 1.0, 1.0]
ERROR_RATE_MODIFIED_MSD_SHORTEST: [0.0, 0.0, 0.0, 16.666668, 0.0, 33.333336, 0.0, 0.0, 0.0, 0.0]
ERROR_RATE_MODIFIED_MSD_BACKSPACE: [0.0, 0.0, 30.769232, 14.285715, 0.0, 25.0, 0.0, 0.0, 0.0, 0.0]
TOTAL_ERROR_RATE: [0.0, 0.0, 44.444447, 16.666668, 0.0, 33.333336, 0.0, 0.0, 0.0, 0.0]
TOTAL_ERROR_RATE_MODIFIED_SHORTEST: [0.0, 0.0, 44.444447, 16.666668, 0.0, 33.333336, 0.0, 0.0, 0.0, 0.0]
TOTAL_ERROR_RATE_MODIFIED_BACKSPACE: [0.0, 0.0, 30.769232, 14.285715, 0.0, 25.0, 0.0, 0.0, 0.0, 0.0]
FRECHET_DISTANCE_TOUCH_ONLY: [144.60696, 206.53586, 497.56656, 728.8804, 145.54341, 657.30804, 250.24849, 222.35834, 147.36716, 75.18271]
FRECHET_DISTANCE_TOUCH_ONLY_MODIFIED_SHORTEST: [144.60696, 206.53586, 497.56656, 291.52478, 145.54341, 564.5108, 250.24849, 222.35834, 147.36716, 75.18271]
FRECHET_DISTANCE_TOUCH_ONLY_MODIFIED_BACKSPACE: [144.60696, 206.53586, 287.69244, 291.52478, 145.54341, 333.03186, 250.24849, 222.35834, 147.36716, 75.18271]
KEYBOARD_TYPE: leapAirBimodal
PRACTICE_WORDS_PER_INPUT: 10
WORD_ORDER: [yells, dubs, mans, tom, dinned, sicker, topped, whiff, galea, got]
NUMBER_OF_TIMES_PLANE_BREACHED: [1, 1, 1, 1, 1, 1, 1, 1, 1, 1]
DISTANCE_TRAVELED_FIRST_TOUCH: [1323.05, 790.52606, 1482.5392, 488.20807, 1178.911, 1619.7917, 1069.8423, 751.12274, 1522.4763, 562.07135]
DISTANCE_TRAVELED_FIRST_TOUCH_SHORTEST: [1323.05, 790.52606, 1482.5392, 488.20807, 1178.911, 1619.7917, 1069.8423, 751.12274, 1522.4763, 562.07135]
TIME_DURATION_FIRST_TOUCH: [2.5741267, 2.3299081, 2.1824853, 1.2867743, 3.2547247, 3.4225063, 2.2313712, 2.294736, 2.7083898, 1.2980036]
TIME_DURATION_FIRST_TOUCH_SHORTEST: [2.5741267, 2.3299081, 2.1824853, 1.2867743, 3.2547247, 3.4225063, 2.2313712, 2.294736, 2.7083898, 1.2980036]
AVERAGE_PIXEL_VELOCITY: [515.2754, 338.79196, 678.6849, 380.27206, 362.7061, 474.01022, 478.83432, 326.42313, 564.01276, 432.18213]
REACTION_TIME_FIRST_PRESSED: [1.1605892, 1.2337611, 1.1837317, 1.367079, 1.9507711, 1.4839412, 1.183806, 1.9341317, 2.13413, 1.1170496]
REACTION_TIME_FIRST_TOUCH: [1.1605892, 1.2337611, 1.1837317, 1.367079, 1.9507711, 1.4839412, 1.183806, 1.9341317, 2.13413, 1.1170496]
AVERAGE_REACTION_TIME_TO_ERRORS: [0.0, 0.0, 0.0, 0.0, 0.0, 0.0, 0.0, 0.0, 0.0, 0.0]
TEXT_ENTRY_RATE_WPM: [18.6471, 15.451253, 16.494955, 18.651289, 18.434738, 17.531012, 26.889296, 20.91744, 17.722708, 18.489935]
TEXT_ENTRY_RATE_MODIFIED_WPM_SHORTEST: [18.6471, 15.451253, 16.494955, 18.651289, 18.434738, 17.531012, 26.889296, 20.91744, 17.722708, 18.489935]
TEXT_ENTRY_RATE_MODIFIED_WPM_VULTURE: [16.06548, 13.469264, 14.25933, 13.56518, 13.831535, 14.674568, 21.082363, 14.188196, 12.390244, 14.906505]
TEXT_ENTRY_RATE_MODIFIED_WPM_SHORTEST_VULTURE: [16.06548, 13.469264, 14.25933, 13.56518, 13.831535, 14.674568, 21.082363, 14.188196, 12.390244, 14.906505]
ERROR_RATE_KSPC: [1.0, 1.0, 1.0, 1.0, 1.0, 1.0, 1.0, 1.0, 1.0, 1.0]
ERROR_RATE_MODIFIED_KSPC_SHORTEST: [1.0, 1.0, 1.0, 1.0, 1.0, 1.0, 1.0, 1.0, 1.0, 1.0]
ERROR_RATE_MODIFIED_KSPC_BACKSPACE: [1.0, 1.0, 1.0, 1.0, 1.0, 1.0, 1.0, 1.0, 1.0, 1.0]
ERROR_RATE_MODIFIED_MSD_SHORTEST: [0.0, 0.0, 0.0, 0.0, 0.0, 0.0, 0.0, 0.0, 0.0, 0.0]
ERROR_RATE_MODIFIED_MSD_BACKSPACE: [0.0, 0.0, 0.0, 0.0, 0.0, 0.0, 0.0, 0.0, 0.0, 0.0]
TOTAL_ERROR_RATE: [0.0, 0.0, 0.0, 0.0, 0.0, 0.0, 0.0, 0.0, 0.0, 0.0]
TOTAL_ERROR_RATE_MODIFIED_SHORTEST: [0.0, 0.0, 0.0, 0.0, 0.0, 0.0, 0.0, 0.0, 0.0, 0.0]
TOTAL_ERROR_RATE_MODIFIED_BACKSPACE: [0.0, 0.0, 0.0, 0.0, 0.0, 0.0, 0.0, 0.0, 0.0, 0.0]
FRECHET_DISTANCE_TOUCH_ONLY: [258.06882, 148.54509, 256.0107, 147.16188, 177.26904, 201.82121, 257.48578, 164.88385, 280.3946, 144.37753]
FRECHET_DISTANCE_TOUCH_ONLY_MODIFIED_SHORTEST: [258.06882, 148.54509, 256.0107, 147.16188, 177.26904, 201.82121, 257.48578, 164.88385, 280.3946, 144.37753]
FRECHET_DISTANCE_TOUCH_ONLY_MODIFIED_BACKSPACE: [258.06882, 148.54509, 256.0107, 147.16188, 177.26904, 201.82121, 257.48578, 164.88385, 280.3946, 144.37753]
