KEYBOARD_TYPE: controller
PRACTICE_WORDS_PER_INPUT: 3
WORD_ORDER: [tippee, dubbed, fie, fibs, shied, rub, gapes, docker, calls, pans]
NUMBER_OF_TIMES_PLANE_BREACHED: [1, 1, 1, 1, 1, 1, 1, 1, 1, 1]
DISTANCE_TRAVELED_TOUCH_ONLY: [36.829956, 25.056011, 17.171436, 26.008509, 38.576202, 14.684357, 37.70308, 64.37305, 30.612253, 34.924957]
DISTANCE_TRAVELED_TOUCH_ONLY_SHORTEST: [36.829956, 25.056011, 17.171436, 26.008509, 38.576202, 14.684357, 37.70308, 64.37305, 30.612253, 34.924957]
TIME_DURATION_TOUCH_ONLY: [8.693427, 6.8374543, 4.523241, 6.1347036, 7.869835, 3.8594284, 8.103082, 12.991646, 6.9158926, 8.027223]
TIME_DURATION_TOUCH_ONLY_SHORTEST: [8.693427, 6.8374543, 4.523241, 6.1347036, 7.869835, 3.8594284, 8.103082, 12.991646, 6.9158926, 8.027223]
AVERAGE_PIXEL_VELOCITY: [18.8273, 6.84787, 6.2335043, 10.707337, 16.680935, 8.185565, 22.317371, 22.460255, 9.62372, 16.224905]
REACTION_TIME_FIRST_PRESSED: [2.5261009, 1.2005047, 1.2838945, 1.4005698, 0.800285, 1.1504412, 1.2838752, 1.1004257, 2.6678033, 1.9007394]
REACTION_TIME_FIRST_TOUCH: [0.59192, 0.88372916, 0.88369364, 0.8169831, 0.800285, 0.66694075, 0.9503549, 0.85033625, 0.7836294, 0.9170257]
AVERAGE_REACTION_TIME_TO_ERRORS: [0.0, 0.0, 0.0, 0.0, 0.0, 0.0, 0.0, 0.0, 0.0, 0.0]
TEXT_ENTRY_RATE_WPM: [8.876731, 9.201496, 5.8209476, 6.4851813, 6.0992384, 7.109156, 6.1779556, 4.709001, 9.539484, 5.111089]
TEXT_ENTRY_RATE_MODIFIED_WPM_SHORTEST: [8.876731, 9.201496, 5.8209476, 6.4851813, 6.0992384, 7.109156, 6.1779556, 4.709001, 9.539484, 5.111089]
TEXT_ENTRY_RATE_MODIFIED_WPM_VULTURE: [6.774807, 10.063976, 7.311958, 7.144675, 7.6240478, 8.289337, 7.1118684, 5.437354, 6.8181314, 5.3268604]
TEXT_ENTRY_RATE_MODIFIED_WPM_SHORTEST_VULTURE: [6.774807, 10.063976, 7.311958, 7.144675, 7.6240478, 8.289337, 7.1118684, 5.437354, 6.8181314, 5.3268604]
ERROR_RATE_KSPC: [1.0, 1.0, 1.0, 1.0, 1.0, 1.0, 1.0, 1.0, 1.0, 1.0]
ERROR_RATE_MODIFIED_KSPC_SHORTEST: [1.0, 1.0, 1.0, 1.0, 1.0, 1.0, 1.0, 1.0, 1.0, 1.0]
ERROR_RATE_MODIFIED_MSD_SHORTEST: [0.0, 0.0, 0.0, 0.0, 0.0, 0.0, 0.0, 0.0, 0.0, 0.0]
ERROR_RATE_MODIFIED_MSD_BACKSPACE: [0.0, 0.0, 0.0, 0.0, 0.0, 0.0, 0.0, 0.0, 0.0, 0.0]
TOTAL_ERROR_RATE: [0.0, 0.0, 0.0, 0.0, 0.0, 0.0, 0.0, 0.0, 0.0, 0.0]
TOTAL_ERROR_RATE_MODIFIED_SHORTEST: [0.0, 0.0, 0.0, 0.0, 0.0, 0.0, 0.0, 0.0, 0.0, 0.0]
TOTAL_ERROR_RATE_MODIFIED_BACKSPACE: [0.0, 0.0, 0.0, 0.0, 0.0, 0.0, 0.0, 0.0, 0.0, 0.0]
FRECHET_DISTANCE_TOUCH_ONLY: [290.0, 116.0, 116.0, 174.0, 298.0956, 116.0, 290.0, 374.36346, 174.0, 290.0]
FRECHET_DISTANCE_TOUCH_ONLY_MODIFIED_SHORTEST: [290.0, 116.0, 116.0, 174.0, 298.0956, 116.0, 290.0, 374.36346, 174.0, 290.0]
FRECHET_DISTANCE_TOUCH_ONLY_MODIFIED_BACKSPACE: [290.0, 116.0, 116.0, 174.0, 298.0956, 116.0, 290.0, 374.36346, 174.0, 290.0]
KEYBOARD_TYPE: tablet
PRACTICE_WORDS_PER_INPUT: 7
WORD_ORDER: [ginned, dicker, ripped, fins, dales, hot, tin, owns, falls, shirt]
NUMBER_OF_TIMES_PLANE_BREACHED: [1, 1, 1, 1, 3, 4, 1, 1, 1, 1]
DISTANCE_TRAVELED_TOUCH_ONLY: [22.365774, 41.581863, 30.82687, 23.94863, 36.244015, 14.560694, 11.161995, 36.503063, 35.905525, 26.15736]
DISTANCE_TRAVELED_TOUCH_ONLY_SHORTEST: [22.365774, 41.581863, 30.82687, 23.94863, 36.244015, 12.535927, 11.161995, 36.503063, 35.905525, 26.15736]
TIME_DURATION_TOUCH_ONLY: [2.5929918, 2.3428938, 2.4367092, 1.2805535, 2.3104749, 1.9353784, 0.99950546, 2.1558535, 2.15579, 1.9058367]
TIME_DURATION_TOUCH_ONLY_SHORTEST: [2.5929918, 2.3428938, 2.4367092, 1.2805535, 2.3104749, 0.90521604, 0.99950546, 2.1558535, 2.15579, 1.9058367]
AVERAGE_PIXEL_VELOCITY: [8.629049, 17.742535, 12.63877, 18.72629, 15.66694, 7.5200686, 11.158296, 16.894262, 16.714561, 13.737088]
REACTION_TIME_FIRST_PRESSED: [2.1250348, 1.2183447, 1.0311613, 1.0629239, 1.3434782, 1.8122365, 1.5937049, 1.5622549, 1.5933315, 1.1572067]
REACTION_TIME_FIRST_TOUCH: [2.1250348, 1.2183447, 1.0311613, 1.0629239, 1.3434782, 1.8122365, 1.5937049, 1.5622549, 1.5933315, 1.1572067]
AVERAGE_REACTION_TIME_TO_ERRORS: [0.0, 0.0, 0.0, 0.0, 1.5937552, 1.312492, 0.0, 0.0, 0.0, 0.0]
TEXT_ENTRY_RATE_WPM: [23.139296, 25.609354, 24.623373, 28.112844, 20.774952, 12.400676, 24.011877, 16.698723, 22.26562, 25.18579]
TEXT_ENTRY_RATE_MODIFIED_WPM_SHORTEST: [23.139296, 25.609354, 24.623373, 28.112844, 20.774952, 26.513006, 24.011877, 16.698723, 22.26562, 25.18579]
TEXT_ENTRY_RATE_MODIFIED_WPM_VULTURE: [27.76715, 30.731226, 29.548048, 37.48379, 25.968687, 18.601013, 36.017815, 22.264965, 27.832022, 31.482237]
TEXT_ENTRY_RATE_MODIFIED_WPM_SHORTEST_VULTURE: [27.76715, 30.731226, 29.548048, 37.48379, 25.968687, 39.769512, 36.017815, 22.264965, 27.832022, 31.482237]
ERROR_RATE_KSPC: [1.0, 1.0, 1.0, 1.0, 1.4, 3.0, 1.0, 1.0, 1.0, 1.0]
ERROR_RATE_MODIFIED_KSPC_SHORTEST: [1.0, 1.0, 1.0, 1.0, 1.4, 1.0, 1.0, 1.0, 1.0, 1.0]
ERROR_RATE_MODIFIED_MSD_SHORTEST: [0.0, 0.0, 0.0, 0.0, 0.0, 50.0, 0.0, 0.0, 0.0, 0.0]
ERROR_RATE_MODIFIED_MSD_BACKSPACE: [0.0, 0.0, 0.0, 0.0, 14.285715, 33.333336, 0.0, 0.0, 0.0, 0.0]
TOTAL_ERROR_RATE: [0.0, 0.0, 0.0, 0.0, 16.666668, 50.0, 0.0, 0.0, 0.0, 0.0]
TOTAL_ERROR_RATE_MODIFIED_SHORTEST: [0.0, 0.0, 0.0, 0.0, 16.666668, 50.0, 0.0, 0.0, 0.0, 0.0]
TOTAL_ERROR_RATE_MODIFIED_BACKSPACE: [0.0, 0.0, 0.0, 0.0, 14.285715, 33.333336, 0.0, 0.0, 0.0, 0.0]
FRECHET_DISTANCE_TOUCH_ONLY: [182.3321, 188.17014, 242.74472, 171.47011, 450.02777, 279.30807, 105.9481, 225.72993, 275.00726, 145.67087]
FRECHET_DISTANCE_TOUCH_ONLY_MODIFIED_SHORTEST: [182.3321, 188.17014, 242.74472, 171.47011, 450.02777, 134.83324, 105.9481, 225.72993, 275.00726, 145.67087]
FRECHET_DISTANCE_TOUCH_ONLY_MODIFIED_BACKSPACE: [182.3321, 188.17014, 242.74472, 171.47011, 283.11304, 134.83324, 105.9481, 225.72993, 275.00726, 145.67087]
KEYBOARD_TYPE: leapSurface
PRACTICE_WORDS_PER_INPUT: 19
WORD_ORDER: [yipped, vales, pens, agues, docked, fit, tim, calla, sinned, rind]
NUMBER_OF_TIMES_PLANE_BREACHED: [9, 8, 1, 7, 5, 8, 9, 1, 17, 7]
DISTANCE_TRAVELED_TOUCH_ONLY: [37.775917, 80.64843, 39.84676, 37.924213, 58.30461, 45.275303, 46.970245, 45.566826, 98.55413, 26.269215]
DISTANCE_TRAVELED_TOUCH_ONLY_SHORTEST: [37.775917, 80.64843, 39.84676, 37.924213, 47.793808, 45.275303, 46.970245, 45.566826, 53.165146, 26.269215]
TIME_DURATION_TOUCH_ONLY: [3.0361533, 5.9348845, 2.902783, 3.5344894, 3.8078287, 1.5172604, 4.416211, 3.717649, 7.5539336, 2.9775145]
TIME_DURATION_TOUCH_ONLY_SHORTEST: [3.0361533, 5.9348845, 2.902783, 3.5344894, 2.503388, 1.5172604, 4.416211, 3.717649, 3.248132, 2.9775145]
AVERAGE_PIXEL_VELOCITY: [12.366255, 13.651707, 12.191885, 7.4870267, 15.338733, 12.290518, 12.477899, 12.25534, 13.020437, 8.851078]
REACTION_TIME_FIRST_PRESSED: [1.5218397, 1.1503055, 1.1169876, 2.9512358, 1.2504425, 5.952441, 1.4005104, 2.3509405, 1.7173511, 2.6343575]
REACTION_TIME_FIRST_TOUCH: [1.5218397, 1.1503055, 1.1169876, 0.033270624, 1.2504425, 0.066512235, 1.4005104, 2.3509405, 1.7173511, 2.6343575]
AVERAGE_REACTION_TIME_TO_ERRORS: [1.1337663, 1.8090671, 0.0, 1.4339186, 1.3172021, 1.5089345, 1.6006382, 0.0, 1.5172898, 0.8002138]
TEXT_ENTRY_RATE_WPM: [19.761848, 8.087773, 12.401893, 13.580462, 15.757011, 15.817985, 5.4345226, 12.9113865, 7.942881, 12.090621]
TEXT_ENTRY_RATE_MODIFIED_WPM_SHORTEST: [19.761848, 8.087773, 12.401893, 13.580462, 23.96752, 15.817985, 5.4345226, 12.9113865, 18.472157, 12.090621]
TEXT_ENTRY_RATE_MODIFIED_WPM_VULTURE: [23.714218, 10.109717, 16.535856, 9.298787, 18.908415, 4.862769, 8.151784, 16.139233, 9.531458, 16.120829]
TEXT_ENTRY_RATE_MODIFIED_WPM_SHORTEST_VULTURE: [23.714218, 10.109717, 16.535856, 9.298787, 28.761023, 4.862769, 8.151784, 16.139233, 22.166586, 16.120829]
ERROR_RATE_KSPC: [2.0, 3.4, 1.0, 2.3333333, 2.6666667, 3.5, 3.0, 1.0, 5.6666665, 2.5]
ERROR_RATE_MODIFIED_KSPC_SHORTEST: [2.0, 3.4, 1.0, 2.3333333, 1.0, 3.5, 3.0, 1.0, 1.0, 2.5]
ERROR_RATE_MODIFIED_MSD_SHORTEST: [25.0, 0.0, 0.0, 16.666668, 45.454548, 25.0, 25.0, 0.0, 53.846157, 0.0]
ERROR_RATE_MODIFIED_MSD_BACKSPACE: [37.5, 35.294117, 0.0, 35.714287, 31.25, 42.857143, 41.666664, 0.0, 41.17647, 30.000002]
TOTAL_ERROR_RATE: [50.0, 54.545456, 0.0, 50.0, 45.454548, 66.66667, 62.5, 0.0, 70.0, 42.857143]
TOTAL_ERROR_RATE_MODIFIED_SHORTEST: [50.0, 54.545456, 0.0, 50.0, 45.454548, 66.66667, 62.5, 0.0, 53.846157, 42.857143]
TOTAL_ERROR_RATE_MODIFIED_BACKSPACE: [37.5, 35.294117, 0.0, 35.714287, 31.25, 42.857143, 41.666664, 0.0, 41.17647, 30.000002]
FRECHET_DISTANCE_TOUCH_ONLY: [430.8894, 624.80804, 182.06464, 441.95203, 326.22556, 343.77682, 375.10385, 278.15842, 425.36807, 341.20477]
FRECHET_DISTANCE_TOUCH_ONLY_MODIFIED_SHORTEST: [430.8894, 624.80804, 182.06464, 441.95203, 208.5013, 343.77682, 375.10385, 278.15842, 309.81165, 341.20477]
FRECHET_DISTANCE_TOUCH_ONLY_MODIFIED_BACKSPACE: [430.8894, 624.80804, 182.06464, 153.30641, 208.5013, 300.0585, 192.34444, 278.15842, 425.36807, 236.00731]
KEYBOARD_TYPE: leapAirStatic
PRACTICE_WORDS_PER_INPUT: 7
WORD_ORDER: [shier, cocker, rubbed, etc, hales, pelf, tot, galls, tilled, rube]
NUMBER_OF_TIMES_PLANE_BREACHED: [4, 1, 8, 1, 7, 9, 1, 1, 1, 1]
DISTANCE_TRAVELED_TOUCH_ONLY: [51.55698, 47.659164, 52.619637, 10.192805, 60.382595, 89.30931, 20.913868, 46.726353, 31.27189, 22.113451]
DISTANCE_TRAVELED_TOUCH_ONLY_SHORTEST: [50.275795, 47.659164, 52.619637, 10.192805, 60.382595, 89.30931, 20.913868, 46.726353, 31.27189, 22.113451]
TIME_DURATION_TOUCH_ONLY: [4.5535254, 3.953882, 6.3528733, 1.2384329, 3.4862845, 5.9383073, 2.1855552, 3.3660614, 3.045469, 2.214798]
TIME_DURATION_TOUCH_ONLY_SHORTEST: [3.9830744, 3.953882, 6.3528733, 1.2384329, 3.4862845, 5.9383073, 2.1855552, 3.3660614, 3.045469, 2.214798]
AVERAGE_PIXEL_VELOCITY: [11.329438, 12.064197, 8.283475, 8.261237, 11.571501, 11.471691, 9.57613, 13.875295, 10.248948, 9.97331]
REACTION_TIME_FIRST_PRESSED: [2.0782595, 0.90022683, 1.7173371, 1.5005962, 5.669097, 3.4680939, 2.4509182, 1.9840852, 2.0341737, 1.4672027]
REACTION_TIME_FIRST_TOUCH: [2.0782595, 0.90022683, 1.7173371, 1.5005962, 0.049898256, 1.2337699, 2.4509182, 1.9840852, 2.0341737, 1.4672027]
AVERAGE_REACTION_TIME_TO_ERRORS: [0.91703933, 0.0, 1.7257388, 0.0, 0.8086764, 0.9781807, 0.0, 0.0, 0.0, 0.0]
TEXT_ENTRY_RATE_WPM: [10.541284, 15.17496, 9.444545, 19.379332, 13.768239, 6.0623336, 10.981192, 14.25999, 19.701399, 16.254305]
TEXT_ENTRY_RATE_MODIFIED_WPM_SHORTEST: [12.050992, 15.17496, 9.444545, 19.379332, 13.768239, 6.0623336, 10.981192, 14.25999, 19.701399, 16.254305]
TEXT_ENTRY_RATE_MODIFIED_WPM_VULTURE: [13.176604, 18.209951, 11.333455, 29.068995, 6.5894365, 5.8732615, 16.471788, 17.824987, 23.641678, 21.672407]
TEXT_ENTRY_RATE_MODIFIED_WPM_SHORTEST_VULTURE: [15.063741, 18.209951, 11.333455, 29.068995, 6.5894365, 5.8732615, 16.471788, 17.824987, 23.641678, 21.672407]
ERROR_RATE_KSPC: [2.6, 1.0, 3.3333333, 1.0, 2.6, 5.0, 1.0, 1.0, 1.0, 1.0]
ERROR_RATE_MODIFIED_KSPC_SHORTEST: [2.6, 1.0, 3.3333333, 1.0, 2.6, 5.0, 1.0, 1.0, 1.0, 1.0]
ERROR_RATE_MODIFIED_MSD_SHORTEST: [0.0, 0.0, 0.0, 0.0, 0.0, 0.0, 0.0, 0.0, 0.0, 0.0]
ERROR_RATE_MODIFIED_MSD_BACKSPACE: [30.769232, 0.0, 35.0, 0.0, 30.769232, 40.0, 0.0, 0.0, 0.0, 0.0]
TOTAL_ERROR_RATE: [44.444447, 0.0, 53.846157, 0.0, 44.444447, 66.66667, 0.0, 0.0, 0.0, 0.0]
TOTAL_ERROR_RATE_MODIFIED_SHORTEST: [44.444447, 0.0, 53.846157, 0.0, 44.444447, 66.66667, 0.0, 0.0, 0.0, 0.0]
TOTAL_ERROR_RATE_MODIFIED_BACKSPACE: [30.769232, 0.0, 35.0, 0.0, 30.769232, 40.0, 0.0, 0.0, 0.0, 0.0]
FRECHET_DISTANCE_TOUCH_ONLY: [392.99643, 206.8117, 478.64984, 72.256516, 471.3591, 405.7498, 147.0985, 286.0435, 235.70932, 148.245]
FRECHET_DISTANCE_TOUCH_ONLY_MODIFIED_SHORTEST: [663.37714, 206.8117, 478.64984, 72.256516, 471.3591, 405.7498, 147.0985, 286.0435, 235.70932, 148.245]
FRECHET_DISTANCE_TOUCH_ONLY_MODIFIED_BACKSPACE: [319.29553, 206.8117, 360.4372, 72.256516, 287.14117, 355.0021, 147.0985, 286.0435, 235.70932, 148.245]
KEYBOARD_TYPE: leapAirPinch
PRACTICE_WORDS_PER_INPUT: 9
WORD_ORDER: [yippee, shire, find, sue, dunned, gin, kans, gaols, games, rocker]
NUMBER_OF_TIMES_PLANE_BREACHED: [7, 6, 9, 1, 1, 1, 3, 1, 8, 8]
DISTANCE_TRAVELED_TOUCH_ONLY: [107.33501, 79.466125, 102.71394, 32.531387, 39.792576, 26.264063, 81.783806, 58.36078, 144.58783, 166.7751]
DISTANCE_TRAVELED_TOUCH_ONLY_SHORTEST: [107.33501, 79.466125, 102.71394, 32.531387, 39.792576, 26.264063, 81.783806, 58.36078, 144.58783, 153.27441]
TIME_DURATION_TOUCH_ONLY: [7.87412, 6.097929, 6.347099, 2.4565725, 3.6707087, 1.6481493, 5.5164943, 3.505643, 8.111572, 9.493796]
TIME_DURATION_TOUCH_ONLY_SHORTEST: [7.87412, 6.097929, 6.347099, 2.4565725, 3.6707087, 1.6481493, 5.5164943, 3.505643, 8.111572, 8.905976]
AVERAGE_PIXEL_VELOCITY: [13.687476, 13.029468, 13.451542, 13.276642, 10.844473, 15.895532, 14.834308, 16.673431, 17.852701, 17.587677]
REACTION_TIME_FIRST_PRESSED: [2.5121524, 2.717766, 6.352781, 1.1171099, 2.2176423, 1.4672146, 1.6840403, 1.6173054, 1.6840235, 1.4838926]
REACTION_TIME_FIRST_TOUCH: [2.5121524, 2.717766, 1.5840328, 1.1171099, 2.2176423, 1.4672146, 1.6840403, 1.6173054, 1.6840235, 1.4838926]
AVERAGE_REACTION_TIME_TO_ERRORS: [1.9175658, 1.5340093, 2.4926682, 0.0, 0.0, 0.0, 1.7507656, 0.0, 1.3394307, 1.813294]
TEXT_ENTRY_RATE_WPM: [7.6198993, 7.871525, 5.671883, 9.76971, 16.345617, 14.5617895, 6.525884, 13.69221, 5.917472, 6.3199167]
TEXT_ENTRY_RATE_MODIFIED_WPM_SHORTEST: [7.6198993, 7.871525, 5.671883, 9.76971, 16.345617, 14.5617895, 6.525884, 13.69221, 5.917472, 6.737049]
TEXT_ENTRY_RATE_MODIFIED_WPM_VULTURE: [9.143879, 9.839407, 4.3181596, 14.654564, 19.614742, 21.842682, 8.701179, 17.115263, 7.396839, 7.5839]
TEXT_ENTRY_RATE_MODIFIED_WPM_SHORTEST_VULTURE: [9.143879, 9.839407, 4.3181596, 14.654564, 19.614742, 21.842682, 8.701179, 17.115263, 7.396839, 8.084459]
ERROR_RATE_KSPC: [2.3333333, 2.6, 3.5, 1.0, 1.0, 1.0, 3.0, 1.0, 4.0, 4.6666665]
ERROR_RATE_MODIFIED_KSPC_SHORTEST: [2.3333333, 2.6, 3.5, 1.0, 1.0, 1.0, 3.0, 1.0, 4.0, 3.857143]
ERROR_RATE_MODIFIED_MSD_SHORTEST: [0.0, 0.0, 0.0, 0.0, 0.0, 0.0, 0.0, 0.0, 16.666668, 14.285715]
ERROR_RATE_MODIFIED_MSD_BACKSPACE: [28.57143, 30.769232, 35.714287, 0.0, 0.0, 0.0, 33.333336, 0.0, 41.666664, 39.285713]
TOTAL_ERROR_RATE: [40.0, 44.444447, 55.555557, 0.0, 0.0, 0.0, 50.0, 0.0, 66.66667, 64.70589]
TOTAL_ERROR_RATE_MODIFIED_SHORTEST: [40.0, 44.444447, 55.555557, 0.0, 0.0, 0.0, 50.0, 0.0, 66.66667, 64.70589]
TOTAL_ERROR_RATE_MODIFIED_BACKSPACE: [28.57143, 30.769232, 35.714287, 0.0, 0.0, 0.0, 33.333336, 0.0, 41.666664, 39.285713]
FRECHET_DISTANCE_TOUCH_ONLY: [503.43625, 577.31384, 574.8383, 440.24683, 435.15857, 437.846, 546.54346, 436.7449, 580.9437, 780.2808]
FRECHET_DISTANCE_TOUCH_ONLY_MODIFIED_SHORTEST: [503.43625, 577.31384, 574.8383, 440.24683, 435.15857, 437.846, 546.54346, 436.7449, 580.9437, 565.07477]
FRECHET_DISTANCE_TOUCH_ONLY_MODIFIED_BACKSPACE: [440.56104, 459.1841, 448.2248, 440.24683, 435.15857, 437.846, 516.8351, 436.7449, 442.29916, 470.0725]
KEYBOARD_TYPE: leapAirDynamic
PRACTICE_WORDS_PER_INPUT: 16
WORD_ORDER: [shirr, yin, jane, rubs, balls, subbed, docket, gales, hipped, fir]
NUMBER_OF_TIMES_PLANE_BREACHED: [29, 19, 2, 10, 7, 20, 3, 1, 7, 2]
DISTANCE_TRAVELED_TOUCH_ONLY: [243.8875, 88.116394, 59.646336, 109.94323, 145.7834, 141.62343, 69.07273, 50.598804, 68.54248, 25.561966]
DISTANCE_TRAVELED_TOUCH_ONLY_SHORTEST: [104.63248, 88.116394, 51.667427, 106.224, 144.93665, 140.75137, 69.07273, 50.598804, 68.54248, 21.549164]
TIME_DURATION_TOUCH_ONLY: [20.10726, 3.2136924, 3.5998397, 8.156364, 8.341869, 9.873987, 4.398833, 3.4478617, 3.5515323, 1.9990768]
TIME_DURATION_TOUCH_ONLY_SHORTEST: [6.415655, 3.2136924, 2.6499722, 7.536435, 8.1089735, 9.834499, 4.398833, 3.4478617, 3.5515323, 1.6361057]
AVERAGE_PIXEL_VELOCITY: [12.106591, 10.444142, 16.562275, 13.488678, 17.45447, 12.223176, 11.802772, 14.662298, 11.644725, 12.778071]
REACTION_TIME_FIRST_PRESSED: [4.149748, 21.54286, 2.067482, 0.86704236, 5.218918, 8.020171, 7.0363364, 1.3005111, 5.1521873, 2.601004]
REACTION_TIME_FIRST_TOUCH: [4.149748, 0.09987843, 2.067482, 0.86704236, 5.218918, 2.2675424, 2.9512503, 1.3005111, 0.8335789, 2.601004]
AVERAGE_REACTION_TIME_TO_ERRORS: [1.4987625, 3.294764, 1.6006817, 1.267217, 1.4297729, 1.8126885, 1.700669, 0.0, 0.87537265, 1.7507048]
TEXT_ENTRY_RATE_WPM: [2.3871975, 7.468045, 10.000445, 4.4137316, 5.754106, 6.0765724, 13.639981, 13.921672, 16.894117, 12.005542]
TEXT_ENTRY_RATE_MODIFIED_WPM_SHORTEST: [7.4816985, 7.468045, 13.585048, 4.7767944, 5.9193683, 6.100971, 13.639981, 13.921672, 16.894117, 14.668979]
TEXT_ENTRY_RATE_MODIFIED_WPM_VULTURE: [2.983997, 1.460051, 13.333928, 5.884975, 7.192632, 4.607524, 8.486644, 17.40209, 9.148502, 18.008314]
TEXT_ENTRY_RATE_MODIFIED_WPM_SHORTEST_VULTURE: [9.352124, 1.460051, 18.1134, 6.369059, 7.3992105, 4.6191964, 8.486644, 17.40209, 9.148502, 22.00347]
ERROR_RATE_KSPC: [13.8, 5.0, 3.0, 5.0, 4.2, 5.6666665, 1.6666666, 1.0, 2.6666667, 1.6666666]
ERROR_RATE_MODIFIED_KSPC_SHORTEST: [2.75, 5.0, 1.0, 3.8, 3.3333333, 4.714286, 1.6666666, 1.0, 2.6666667, 1.0]
ERROR_RATE_MODIFIED_MSD_SHORTEST: [37.5, 40.0, 50.0, 20.0, 16.666668, 14.285715, 0.0, 0.0, 0.0, 25.0]
ERROR_RATE_MODIFIED_MSD_BACKSPACE: [46.376812, 48.0, 33.333336, 40.0, 38.095238, 41.17647, 20.0, 0.0, 31.25, 20.0]
TOTAL_ERROR_RATE: [86.48649, 80.0, 50.0, 66.66667, 61.538464, 70.0, 25.0, 0.0, 45.454548, 25.0]
TOTAL_ERROR_RATE_MODIFIED_SHORTEST: [66.66667, 80.0, 50.0, 66.66667, 61.538464, 70.0, 25.0, 0.0, 45.454548, 25.0]
TOTAL_ERROR_RATE_MODIFIED_BACKSPACE: [46.376812, 48.0, 33.333336, 40.0, 38.095238, 41.17647, 20.0, 0.0, 31.25, 20.0]
FRECHET_DISTANCE_TOUCH_ONLY: [723.8655, 510.82864, 833.842, 759.22, 682.86096, 764.84564, 292.68143, 269.4587, 308.62088, 539.8711]
FRECHET_DISTANCE_TOUCH_ONLY_MODIFIED_SHORTEST: [531.4936, 510.82864, 220.84352, 522.25586, 567.55194, 523.4596, 292.68143, 269.4587, 308.62088, 132.78795]
FRECHET_DISTANCE_TOUCH_ONLY_MODIFIED_BACKSPACE: [356.3404, 510.82864, 220.84352, 273.57834, 406.1994, 217.95657, 206.86687, 269.4587, 361.16864, 132.78795]
KEYBOARD_TYPE: leapAirBimodal
PRACTICE_WORDS_PER_INPUT: 7
WORD_ORDER: [tom, mans, dinned, got, topped, sicker, yells, whiff, galea, dubs]
NUMBER_OF_TIMES_PLANE_BREACHED: [1, 3, 5, 1, 5, 1, 1, 1, 1, 1]
DISTANCE_TRAVELED_TOUCH_ONLY: [25.87722, 76.49347, 68.085785, 25.72243, 81.75793, 49.635975, 43.332813, 28.406778, 50.788708, 33.186474]
DISTANCE_TRAVELED_TOUCH_ONLY_SHORTEST: [25.87722, 76.49347, 68.085785, 25.72243, 81.75793, 49.635975, 43.332813, 28.406778, 50.788708, 33.186474]
TIME_DURATION_TOUCH_ONLY: [1.6072077, 3.6308436, 4.2728734, 1.3667686, 3.870784, 3.8553023, 2.3695488, 2.1148655, 2.471577, 1.8885761]
TIME_DURATION_TOUCH_ONLY_SHORTEST: [1.6072077, 3.6308436, 4.2728734, 1.3667686, 3.870784, 3.8553023, 2.3695488, 2.1148655, 2.471577, 1.8885761]
AVERAGE_PIXEL_VELOCITY: [16.18104, 21.051067, 15.956792, 18.824518, 21.122124, 12.894539, 18.3333, 13.404646, 20.590496, 17.606043]
REACTION_TIME_FIRST_PRESSED: [1.1283897, 1.3005424, 0.78365475, 1.1169913, 1.300451, 1.333908, 1.5839397, 1.2838564, 0.96695095, 1.0169994]
REACTION_TIME_FIRST_TOUCH: [1.1283897, 1.3005424, 0.78365475, 1.1169913, 1.300451, 1.333908, 1.5839397, 1.2838564, 0.96695095, 1.0169994]
AVERAGE_REACTION_TIME_TO_ERRORS: [0.0, 1.1838341, 1.0754504, 0.0, 1.3005686, 0.0, 0.0, 0.0, 0.0, 0.0]
TEXT_ENTRY_RATE_WPM: [14.932732, 9.915051, 14.042071, 17.559666, 15.500735, 15.562983, 20.25702, 22.696478, 19.4208, 19.06198]
TEXT_ENTRY_RATE_MODIFIED_WPM_SHORTEST: [14.932732, 9.915051, 14.042071, 17.559666, 15.500735, 15.562983, 20.25702, 22.696478, 19.4208, 19.06198]
TEXT_ENTRY_RATE_MODIFIED_WPM_VULTURE: [22.399097, 13.220067, 16.850489, 26.339499, 18.600882, 18.67558, 25.321278, 28.3706, 24.276, 25.415972]
TEXT_ENTRY_RATE_MODIFIED_WPM_SHORTEST_VULTURE: [22.399097, 13.220067, 16.850489, 26.339499, 18.600882, 18.67558, 25.321278, 28.3706, 24.276, 25.415972]
ERROR_RATE_KSPC: [1.0, 3.0, 1.6666666, 1.0, 1.6666666, 1.0, 1.0, 1.0, 1.0, 1.0]
ERROR_RATE_MODIFIED_KSPC_SHORTEST: [1.0, 3.0, 1.6666666, 1.0, 1.6666666, 1.0, 1.0, 1.0, 1.0, 1.0]
ERROR_RATE_MODIFIED_MSD_SHORTEST: [0.0, 0.0, 0.0, 0.0, 0.0, 0.0, 0.0, 0.0, 0.0, 0.0]
ERROR_RATE_MODIFIED_MSD_BACKSPACE: [0.0, 33.333336, 20.0, 0.0, 20.0, 0.0, 0.0, 0.0, 0.0, 0.0]
TOTAL_ERROR_RATE: [0.0, 50.0, 25.0, 0.0, 25.0, 0.0, 0.0, 0.0, 0.0, 0.0]
TOTAL_ERROR_RATE_MODIFIED_SHORTEST: [0.0, 50.0, 25.0, 0.0, 25.0, 0.0, 0.0, 0.0, 0.0, 0.0]
TOTAL_ERROR_RATE_MODIFIED_BACKSPACE: [0.0, 33.333336, 20.0, 0.0, 20.0, 0.0, 0.0, 0.0, 0.0, 0.0]
FRECHET_DISTANCE_TOUCH_ONLY: [370.07806, 519.84515, 475.75967, 425.0312, 476.1946, 419.0776, 385.7183, 380.99597, 319.86826, 354.9882]
FRECHET_DISTANCE_TOUCH_ONLY_MODIFIED_SHORTEST: [370.07806, 519.84515, 475.75967, 425.0312, 476.1946, 419.0776, 385.7183, 380.99597, 319.86826, 354.9882]
FRECHET_DISTANCE_TOUCH_ONLY_MODIFIED_BACKSPACE: [370.07806, 437.22406, 467.1319, 425.0312, 438.9434, 419.0776, 385.7183, 380.99597, 319.86826, 354.9882]
