KEYBOARD_TYPE: controller
PRACTICE_WORDS_PER_INPUT: 3
WORD_ORDER: [rub, shied, docker, dubbed, calls, pans, tippee, fibs, gapes, fie]
NUMBER_OF_TIMES_PLANE_BREACHED: [1, 1, 1, 1, 1, 1, 1, 1, 1, 1]
DISTANCE_TRAVELED_TOUCH_ONLY: [15.927897, 26.961008, 44.42349, 33.89308, 14.393315, 25.717468, 18.706018, 29.077673, 22.066223, 21.77518]
DISTANCE_TRAVELED_TOUCH_ONLY_SHORTEST: [15.927897, 26.961008, 44.42349, 33.89308, 14.393315, 25.717468, 18.706018, 29.077673, 22.066223, 21.77518]
TIME_DURATION_TOUCH_ONLY: [3.544854, 5.400731, 7.38994, 6.47022, 4.134903, 6.0265226, 4.338365, 6.001916, 4.9628534, 3.7950656]
TIME_DURATION_TOUCH_ONLY_SHORTEST: [3.544854, 5.400731, 7.38994, 6.47022, 4.134903, 6.0265226, 4.338365, 6.001916, 4.9628534, 3.7950656]
AVERAGE_PIXEL_VELOCITY: [7.08001, 7.033108, 7.5442886, 6.874594, 5.7105207, 6.026132, 6.500616, 6.419979, 6.0423837, 7.3339033]
REACTION_TIME_FIRST_PRESSED: [1.8631998, 1.6173514, 0.8503453, 1.2671515, 0.9337119, 1.9175075, 2.0008438, 1.4006268, 1.5005467, 1.2171391]
REACTION_TIME_FIRST_TOUCH: [0.92945606, 0.71689904, 0.8503453, 0.7335972, 0.6835872, 0.91702855, 1.0837463, 0.7835979, 0.833592, 0.70019746]
AVERAGE_REACTION_TIME_TO_ERRORS: [0.0, 0.0, 0.0, 0.0, 0.0, 0.0, 0.0, 0.0, 0.0, 0.0]
TEXT_ENTRY_RATE_WPM: [9.191493, 10.666007, 8.119146, 10.106684, 12.355918, 7.1626916, 17.53736, 6.6853766, 11.173449, 7.321261]
TEXT_ENTRY_RATE_MODIFIED_WPM_SHORTEST: [9.191493, 10.666007, 8.119146, 10.106684, 12.355918, 7.1626916, 17.53736, 6.6853766, 11.173449, 7.321261]
TEXT_ENTRY_RATE_MODIFIED_WPM_VULTURE: [8.038231, 9.52202, 9.742976, 10.280172, 13.682924, 6.830794, 13.70003, 7.251911, 10.6575575, 8.34878]
TEXT_ENTRY_RATE_MODIFIED_WPM_SHORTEST_VULTURE: [8.038231, 9.52202, 9.742976, 10.280172, 13.682924, 6.830794, 13.70003, 7.251911, 10.6575575, 8.34878]
ERROR_RATE_KSPC: [1.0, 1.0, 1.0, 1.0, 1.0, 1.0, 1.0, 1.0, 1.0, 1.0]
ERROR_RATE_MODIFIED_KSPC_SHORTEST: [1.0, 1.0, 1.0, 1.0, 1.0, 1.0, 1.0, 1.0, 1.0, 1.0]
ERROR_RATE_MODIFIED_MSD_SHORTEST: [0.0, 0.0, 0.0, 0.0, 0.0, 0.0, 0.0, 0.0, 0.0, 0.0]
ERROR_RATE_MODIFIED_MSD_BACKSPACE: [0.0, 0.0, 0.0, 0.0, 0.0, 0.0, 0.0, 0.0, 0.0, 0.0]
TOTAL_ERROR_RATE: [0.0, 0.0, 0.0, 0.0, 0.0, 0.0, 0.0, 0.0, 0.0, 0.0]
TOTAL_ERROR_RATE_MODIFIED_SHORTEST: [0.0, 0.0, 0.0, 0.0, 0.0, 0.0, 0.0, 0.0, 0.0, 0.0]
TOTAL_ERROR_RATE_MODIFIED_BACKSPACE: [0.0, 0.0, 0.0, 0.0, 0.0, 0.0, 0.0, 0.0, 0.0, 0.0]
FRECHET_DISTANCE_TOUCH_ONLY: [116.0, 116.0, 180.27756, 138.0, 69.0, 134.97037, 116.0, 174.0, 116.0, 116.0]
FRECHET_DISTANCE_TOUCH_ONLY_MODIFIED_SHORTEST: [116.0, 116.0, 180.27756, 138.0, 69.0, 134.97037, 116.0, 174.0, 116.0, 116.0]
FRECHET_DISTANCE_TOUCH_ONLY_MODIFIED_BACKSPACE: [116.0, 116.0, 180.27756, 138.0, 69.0, 134.97037, 116.0, 174.0, 116.0, 116.0]
KEYBOARD_TYPE: tablet
PRACTICE_WORDS_PER_INPUT: 8
WORD_ORDER: [shirt, fins, owns, tin, dicker, ginned, falls, hot, dales, ripped]
NUMBER_OF_TIMES_PLANE_BREACHED: [1, 1, 1, 1, 1, 1, 1, 1, 1, 1]
DISTANCE_TRAVELED_TOUCH_ONLY: [21.543266, 21.99735, 36.063194, 11.311656, 38.672256, 23.057888, 36.520798, 11.256004, 36.81594, 28.39693]
DISTANCE_TRAVELED_TOUCH_ONLY_SHORTEST: [21.543266, 21.99735, 36.063194, 11.311656, 38.672256, 23.057888, 36.520798, 11.256004, 36.81594, 28.39693]
TIME_DURATION_TOUCH_ONLY: [1.4691279, 1.2815901, 1.625414, 0.8129331, 1.9692514, 1.7192849, 1.5318332, 0.875597, 1.6568598, 1.7506937]
TIME_DURATION_TOUCH_ONLY_SHORTEST: [1.4691279, 1.2815901, 1.625414, 0.8129331, 1.9692514, 1.7192849, 1.5318332, 0.875597, 1.6568598, 1.7506937]
AVERAGE_PIXEL_VELOCITY: [14.665131, 17.179008, 22.196268, 13.925823, 19.646282, 13.412141, 23.860058, 12.8617525, 22.235312, 16.222446]
REACTION_TIME_FIRST_PRESSED: [1.1934607, 0.9997593, 1.031845, 1.062456, 1.1873184, 1.0311427, 0.96863276, 1.0935253, 1.1562932, 1.06236]
REACTION_TIME_FIRST_TOUCH: [1.1934607, 0.9997593, 1.031845, 1.062456, 1.1873184, 1.0311427, 0.96863276, 1.0935253, 1.1562932, 1.06236]
AVERAGE_REACTION_TIME_TO_ERRORS: [0.0, 0.0, 0.0, 0.0, 0.0, 0.0, 0.0, 0.0, 0.0, 0.0]
TEXT_ENTRY_RATE_WPM: [32.672447, 28.090103, 22.148203, 29.522724, 30.46843, 34.89823, 31.335005, 27.40987, 28.970465, 34.27213]
TEXT_ENTRY_RATE_MODIFIED_WPM_SHORTEST: [32.672447, 28.090103, 22.148203, 29.522724, 30.46843, 34.89823, 31.335005, 27.40987, 28.970465, 34.27213]
TEXT_ENTRY_RATE_MODIFIED_WPM_VULTURE: [40.840557, 37.453472, 29.53094, 44.284084, 36.562115, 41.87788, 39.16876, 41.114803, 36.213085, 41.126556]
TEXT_ENTRY_RATE_MODIFIED_WPM_SHORTEST_VULTURE: [40.840557, 37.453472, 29.53094, 44.284084, 36.562115, 41.87788, 39.16876, 41.114803, 36.213085, 41.126556]
ERROR_RATE_KSPC: [1.0, 1.0, 1.0, 1.0, 1.0, 1.0, 1.0, 1.0, 1.0, 1.0]
ERROR_RATE_MODIFIED_KSPC_SHORTEST: [1.0, 1.0, 1.0, 1.0, 1.0, 1.0, 1.0, 1.0, 1.0, 1.0]
ERROR_RATE_MODIFIED_MSD_SHORTEST: [0.0, 0.0, 0.0, 0.0, 0.0, 0.0, 0.0, 0.0, 0.0, 0.0]
ERROR_RATE_MODIFIED_MSD_BACKSPACE: [0.0, 0.0, 0.0, 0.0, 0.0, 0.0, 0.0, 0.0, 0.0, 0.0]
TOTAL_ERROR_RATE: [0.0, 0.0, 0.0, 0.0, 0.0, 0.0, 0.0, 0.0, 0.0, 0.0]
TOTAL_ERROR_RATE_MODIFIED_SHORTEST: [0.0, 0.0, 0.0, 0.0, 0.0, 0.0, 0.0, 0.0, 0.0, 0.0]
TOTAL_ERROR_RATE_MODIFIED_BACKSPACE: [0.0, 0.0, 0.0, 0.0, 0.0, 0.0, 0.0, 0.0, 0.0, 0.0]
FRECHET_DISTANCE_TOUCH_ONLY: [148.78844, 172.79178, 265.41476, 82.710335, 183.86136, 175.64168, 289.0623, 143.01399, 272.14886, 244.95102]
FRECHET_DISTANCE_TOUCH_ONLY_MODIFIED_SHORTEST: [148.78844, 172.79178, 265.41476, 82.710335, 183.86136, 175.64168, 289.0623, 143.01399, 272.14886, 244.95102]
FRECHET_DISTANCE_TOUCH_ONLY_MODIFIED_BACKSPACE: [148.78844, 172.79178, 265.41476, 82.710335, 183.86136, 175.64168, 289.0623, 143.01399, 272.14886, 244.95102]
KEYBOARD_TYPE: leapSurface
PRACTICE_WORDS_PER_INPUT: 11
WORD_ORDER: [fit, tim, pens, agues, vales, yipped, rind, docked, sinned, calla]
NUMBER_OF_TIMES_PLANE_BREACHED: [1, 1, 1, 1, 3, 1, 1, 1, 1, 3]
DISTANCE_TRAVELED_TOUCH_ONLY: [16.038458, 12.446497, 36.95641, 26.966368, 67.422905, 28.803415, 24.550785, 48.237816, 32.1334, 66.933136]
DISTANCE_TRAVELED_TOUCH_ONLY_SHORTEST: [16.038458, 12.446497, 36.95641, 26.966368, 45.6829, 28.803415, 24.550785, 48.237816, 32.1334, 66.933136]
TIME_DURATION_TOUCH_ONLY: [1.1018509, 0.8484698, 1.7236694, 1.5561868, 3.811822, 1.8615663, 1.3866612, 2.4027877, 1.7133796, 3.5928047]
TIME_DURATION_TOUCH_ONLY_SHORTEST: [1.1018509, 0.8484698, 1.7236694, 1.5561868, 1.935781, 1.8615663, 1.3866612, 2.4027877, 1.7133796, 3.5928047]
AVERAGE_PIXEL_VELOCITY: [14.578351, 14.641084, 21.516973, 17.39439, 17.658743, 15.426192, 17.741928, 20.096899, 18.713926, 18.587948]
REACTION_TIME_FIRST_PRESSED: [1.4604068, 1.0835588, 1.0169733, 1.2504376, 1.116991, 1.0335889, 1.0003464, 1.0837221, 0.9836702, 1.0170494]
REACTION_TIME_FIRST_TOUCH: [1.4604068, 1.0835588, 1.0169733, 1.2504376, 1.116991, 1.0335889, 1.0003464, 1.0837221, 0.9836702, 1.0170494]
AVERAGE_REACTION_TIME_TO_ERRORS: [0.0, 0.0, 0.0, 0.0, 2.2343237, 0.0, 0.0, 0.0, 0.0, 1.8174678]
TEXT_ENTRY_RATE_WPM: [21.781532, 28.286215, 20.885675, 30.844625, 12.592403, 32.230923, 25.96164, 24.970995, 35.01851, 13.360036]
TEXT_ENTRY_RATE_MODIFIED_WPM_SHORTEST: [21.781532, 28.286215, 20.885675, 30.844625, 24.796194, 32.230923, 25.96164, 24.970995, 35.01851, 13.360036]
TEXT_ENTRY_RATE_MODIFIED_WPM_VULTURE: [32.6723, 42.429325, 27.847569, 38.555782, 15.740504, 38.67711, 34.61552, 29.965195, 42.022213, 16.700047]
TEXT_ENTRY_RATE_MODIFIED_WPM_SHORTEST_VULTURE: [32.6723, 42.429325, 27.847569, 38.555782, 30.995243, 38.67711, 34.61552, 29.965195, 42.022213, 16.700047]
ERROR_RATE_KSPC: [1.0, 1.0, 1.0, 1.0, 2.6, 1.0, 1.0, 1.0, 1.0, 2.6]
ERROR_RATE_MODIFIED_KSPC_SHORTEST: [1.0, 1.0, 1.0, 1.0, 1.0, 1.0, 1.0, 1.0, 1.0, 2.6]
ERROR_RATE_MODIFIED_MSD_SHORTEST: [0.0, 0.0, 0.0, 0.0, 44.444447, 0.0, 0.0, 0.0, 0.0, 0.0]
ERROR_RATE_MODIFIED_MSD_BACKSPACE: [0.0, 0.0, 0.0, 0.0, 30.769232, 0.0, 0.0, 0.0, 0.0, 30.769232]
TOTAL_ERROR_RATE: [0.0, 0.0, 0.0, 0.0, 44.444447, 0.0, 0.0, 0.0, 0.0, 44.444447]
TOTAL_ERROR_RATE_MODIFIED_SHORTEST: [0.0, 0.0, 0.0, 0.0, 44.444447, 0.0, 0.0, 0.0, 0.0, 44.444447]
TOTAL_ERROR_RATE_MODIFIED_BACKSPACE: [0.0, 0.0, 0.0, 0.0, 30.769232, 0.0, 0.0, 0.0, 0.0, 30.769232]
FRECHET_DISTANCE_TOUCH_ONLY: [138.7331, 111.68598, 252.56845, 149.60062, 344.3835, 249.59402, 148.07912, 205.44705, 204.23993, 404.58636]
FRECHET_DISTANCE_TOUCH_ONLY_MODIFIED_SHORTEST: [138.7331, 111.68598, 252.56845, 149.60062, 286.91718, 249.59402, 148.07912, 205.44705, 204.23993, 404.58636]
FRECHET_DISTANCE_TOUCH_ONLY_MODIFIED_BACKSPACE: [138.7331, 111.68598, 252.56845, 149.60062, 344.3835, 249.59402, 148.07912, 205.44705, 204.23993, 404.58636]
KEYBOARD_TYPE: leapAirStatic
PRACTICE_WORDS_PER_INPUT: 8
WORD_ORDER: [cocker, hales, rube, shier, rubbed, pelf, galls, etc, tilled, tot]
NUMBER_OF_TIMES_PLANE_BREACHED: [5, 5, 1, 1, 5, 7, 10, 1, 3, 8]
DISTANCE_TRAVELED_TOUCH_ONLY: [47.208363, 62.402504, 21.496576, 22.322039, 26.715317, 44.673126, 73.02594, 10.798862, 27.224134, 21.818249]
DISTANCE_TRAVELED_TOUCH_ONLY_SHORTEST: [47.208363, 62.402504, 21.496576, 22.322039, 26.715317, 44.673126, 73.02594, 10.798862, 27.224134, 21.818249]
TIME_DURATION_TOUCH_ONLY: [7.207316, 7.285905, 3.4437692, 3.0274334, 5.8396373, 8.401849, 7.0012083, 2.46444, 4.5682244, 4.6295223]
TIME_DURATION_TOUCH_ONLY_SHORTEST: [7.207316, 7.285905, 3.4437692, 3.0274334, 5.8396373, 8.401849, 7.0012083, 2.46444, 4.5682244, 4.6295223]
AVERAGE_PIXEL_VELOCITY: [6.5547724, 8.565702, 6.227249, 7.3553057, 4.5791802, 5.313696, 10.40312, 4.376526, 5.980822, 4.692473]
REACTION_TIME_FIRST_PRESSED: [2.5576184, 4.3350534, 2.7678714, 2.517612, 0.099940725, 4.068356, 2.2841814, 2.5844443, 2.617552, 2.2508647]
REACTION_TIME_FIRST_TOUCH: [2.5576184, 4.3350534, 2.7678714, 2.517612, 0.099940725, 4.068356, 2.2841814, 2.5844443, 2.617552, 2.2508647]
AVERAGE_REACTION_TIME_TO_ERRORS: [2.5510454, 1.9007692, 0.0, 0.0, 1.8341281, 1.5006062, 0.99486226, 0.0, 2.3843045, 2.5761213]
TEXT_ENTRY_RATE_WPM: [8.324874, 6.5880632, 10.453662, 15.855014, 10.274611, 4.2847714, 6.8559594, 9.738521, 13.134206, 5.18412]
TEXT_ENTRY_RATE_MODIFIED_WPM_SHORTEST: [8.324874, 6.5880632, 10.453662, 15.855014, 10.274611, 4.2847714, 6.8559594, 9.738521, 13.134206, 5.18412]
TEXT_ENTRY_RATE_MODIFIED_WPM_VULTURE: [9.98985, 8.235079, 13.938216, 19.81877, 12.329533, 5.7130284, 8.569949, 14.60778, 15.761046, 7.7761803]
TEXT_ENTRY_RATE_MODIFIED_WPM_SHORTEST_VULTURE: [9.98985, 8.235079, 13.938216, 19.81877, 12.329533, 5.7130284, 8.569949, 14.60778, 15.761046, 7.7761803]
ERROR_RATE_KSPC: [1.3333334, 2.2, 1.0, 1.0, 2.0, 2.5, 3.8, 1.0, 1.3333334, 5.0]
ERROR_RATE_MODIFIED_KSPC_SHORTEST: [1.3333334, 2.2, 1.0, 1.0, 2.0, 2.5, 3.8, 1.0, 1.3333334, 5.0]
ERROR_RATE_MODIFIED_MSD_SHORTEST: [0.0, 0.0, 0.0, 0.0, 0.0, 0.0, 0.0, 0.0, 0.0, 0.0]
ERROR_RATE_MODIFIED_MSD_BACKSPACE: [12.5, 27.272728, 0.0, 0.0, 25.0, 30.000002, 36.842106, 0.0, 12.5, 40.0]
TOTAL_ERROR_RATE: [14.285715, 37.5, 0.0, 0.0, 33.333336, 42.857143, 58.333332, 0.0, 14.285715, 66.66667]
TOTAL_ERROR_RATE_MODIFIED_SHORTEST: [14.285715, 37.5, 0.0, 0.0, 33.333336, 42.857143, 58.333332, 0.0, 14.285715, 66.66667]
TOTAL_ERROR_RATE_MODIFIED_BACKSPACE: [12.5, 27.272728, 0.0, 0.0, 25.0, 30.000002, 36.842106, 0.0, 12.5, 40.0]
FRECHET_DISTANCE_TOUCH_ONLY: [332.29907, 496.5409, 148.80008, 184.5917, 478.6054, 290.69714, 364.34964, 75.71125, 256.89355, 309.69196]
FRECHET_DISTANCE_TOUCH_ONLY_MODIFIED_SHORTEST: [332.29907, 496.5409, 148.80008, 184.5917, 478.6054, 290.69714, 364.34964, 75.71125, 256.89355, 309.69196]
FRECHET_DISTANCE_TOUCH_ONLY_MODIFIED_BACKSPACE: [208.46169, 414.90976, 148.80008, 184.5917, 221.37546, 289.49664, 365.95062, 75.71125, 260.77274, 181.22649]
KEYBOARD_TYPE: leapAirPinch
PRACTICE_WORDS_PER_INPUT: 17
WORD_ORDER: [yippee, shire, gin, sue, games, kans, gaols, find, rocker, dunned]
NUMBER_OF_TIMES_PLANE_BREACHED: [2, 11, 1, 6, 5, 9, 4, 4, 5, 6]
DISTANCE_TRAVELED_TOUCH_ONLY: [10.771332, 63.929966, 19.168198, 38.952118, 55.241352, 46.583797, 29.636158, 38.743366, 51.240417, 31.812744]
DISTANCE_TRAVELED_TOUCH_ONLY_SHORTEST: [10.771332, 50.83428, 19.168198, 38.952118, 55.241352, 46.583797, 29.636158, 38.743366, 51.240417, 31.812744]
TIME_DURATION_TOUCH_ONLY: [3.4069724, 9.963381, 2.1277575, 4.2413607, 5.158193, 6.205869, 2.8930233, 3.0509777, 6.3139734, 4.6431565]
TIME_DURATION_TOUCH_ONLY_SHORTEST: [3.4069724, 8.763681, 2.1277575, 4.2413607, 5.158193, 6.205869, 2.8930233, 3.0509777, 6.3139734, 4.6431565]
AVERAGE_PIXEL_VELOCITY: [3.1510658, 6.430943, 8.981495, 9.163563, 8.346505, 5.9954033, 10.215511, 7.7209044, 8.13096, 5.645868]
REACTION_TIME_FIRST_PRESSED: [2.7951567, 2.5843484, 1.6339157, 1.6005756, 6.5528436, 7.403232, 1.5005516, 5.4189744, 3.1847095, 5.3856177]
REACTION_TIME_FIRST_TOUCH: [2.7951567, 2.5843484, 1.6339157, 1.6005756, 0.76692414, 0.16666031, 1.5005516, 0.20003192, 3.1847095, 1.5839332]
AVERAGE_REACTION_TIME_TO_ERRORS: [0.0, 1.6562895, 0.0, 1.6173352, 1.4755718, 1.9174885, 1.6507326, 1.2337955, 1.4339832, 1.6340126]
TEXT_ENTRY_RATE_WPM: [17.610945, 4.8176417, 11.279481, 5.6585617, 9.305585, 5.80096, 16.59164, 11.799496, 9.502733, 12.922244]
TEXT_ENTRY_RATE_MODIFIED_WPM_SHORTEST: [17.610945, 5.4771504, 11.279481, 5.6585617, 9.305585, 5.80096, 16.59164, 11.799496, 9.502733, 12.922244]
TEXT_ENTRY_RATE_MODIFIED_WPM_VULTURE: [21.133133, 6.0220523, 16.919222, 8.487842, 5.4824, 3.5707803, 20.73955, 5.8041673, 11.403278, 8.525915]
TEXT_ENTRY_RATE_MODIFIED_WPM_SHORTEST_VULTURE: [21.133133, 6.846438, 16.919222, 8.487842, 5.4824, 3.5707803, 20.73955, 5.8041673, 11.403278, 8.525915]
ERROR_RATE_KSPC: [1.0, 5.0, 1.0, 3.0, 1.8, 4.0, 1.4, 3.0, 2.3333333, 2.3333333]
ERROR_RATE_MODIFIED_KSPC_SHORTEST: [1.0, 3.2857144, 1.0, 3.0, 1.8, 4.0, 1.4, 3.0, 2.3333333, 2.3333333]
ERROR_RATE_MODIFIED_MSD_SHORTEST: [0.0, 28.57143, 0.0, 0.0, 0.0, 0.0, 0.0, 0.0, 0.0, 0.0]
ERROR_RATE_MODIFIED_MSD_BACKSPACE: [0.0, 40.0, 0.0, 33.333336, 22.222223, 37.5, 14.285715, 33.333336, 28.57143, 28.57143]
TOTAL_ERROR_RATE: [0.0, 66.66667, 0.0, 50.0, 28.57143, 60.000004, 16.666668, 50.0, 40.0, 40.0]
TOTAL_ERROR_RATE_MODIFIED_SHORTEST: [0.0, 66.66667, 0.0, 50.0, 28.57143, 60.000004, 16.666668, 50.0, 40.0, 40.0]
TOTAL_ERROR_RATE_MODIFIED_BACKSPACE: [0.0, 40.0, 0.0, 33.333336, 22.222223, 37.5, 14.285715, 33.333336, 28.57143, 28.57143]
FRECHET_DISTANCE_TOUCH_ONLY: [78.32474, 383.32266, 108.08408, 521.62506, 489.78464, 458.37332, 540.1133, 379.28638, 318.30368, 447.7633]
FRECHET_DISTANCE_TOUCH_ONLY_MODIFIED_SHORTEST: [78.32474, 383.32266, 108.08408, 521.62506, 489.78464, 458.37332, 540.1133, 379.28638, 318.30368, 447.7633]
FRECHET_DISTANCE_TOUCH_ONLY_MODIFIED_BACKSPACE: [78.32474, 324.6747, 108.08408, 172.69006, 288.66013, 441.1597, 385.42947, 291.65234, 210.05025, 127.953674]
KEYBOARD_TYPE: leapAirDynamic
PRACTICE_WORDS_PER_INPUT: 10
WORD_ORDER: [fir, docket, balls, gales, rubs, subbed, hipped, jane, shirr, yin]
NUMBER_OF_TIMES_PLANE_BREACHED: [1, 1, 3, 2, 1, 2, 1, 1, 1, 1]
DISTANCE_TRAVELED_TOUCH_ONLY: [19.88864, 46.093998, 60.106148, 47.316025, 22.366255, 49.845142, 30.170181, 39.492573, 28.389124, 12.97847]
DISTANCE_TRAVELED_TOUCH_ONLY_SHORTEST: [19.88864, 46.093998, 60.106148, 44.27621, 22.366255, 45.793472, 30.170181, 39.492573, 28.389124, 12.97847]
TIME_DURATION_TOUCH_ONLY: [3.0524411, 4.4385924, 3.2675085, 3.8109317, 2.6980274, 4.695856, 2.713641, 3.6064184, 3.0709476, 1.8365238]
TIME_DURATION_TOUCH_ONLY_SHORTEST: [3.0524411, 4.4385924, 3.2675085, 3.2738376, 2.6980274, 3.7069943, 2.713641, 3.6064184, 3.0709476, 1.8365238]
AVERAGE_PIXEL_VELOCITY: [6.5188074, 10.393513, 12.055315, 12.444475, 8.280919, 10.639123, 11.100998, 10.965809, 9.253808, 7.0765285]
REACTION_TIME_FIRST_PRESSED: [4.1296816, 1.9507687, 5.435727, 1.3005173, 3.0846045, 2.150883, 1.3505371, 1.1503831, 1.5839392, 2.6344156]
REACTION_TIME_FIRST_TOUCH: [4.1296816, 1.9507687, 1.017087, 1.3005173, 3.0846045, 2.150883, 1.3505371, 1.1503831, 1.5839392, 2.6344156]
AVERAGE_REACTION_TIME_TO_ERRORS: [0.0, 0.0, 1.6340095, 1.4172678, 0.0, 1.5339919, 0.0, 0.0, 0.0, 0.0]
TEXT_ENTRY_RATE_WPM: [7.86256, 13.517798, 14.690091, 12.595345, 13.343081, 12.777223, 22.110518, 9.9822035, 15.630355, 13.068168]
TEXT_ENTRY_RATE_MODIFIED_WPM_SHORTEST: [7.86256, 13.517798, 14.690091, 14.661693, 13.343081, 16.185621, 22.110518, 9.9822035, 15.630355, 13.068168]
TEXT_ENTRY_RATE_MODIFIED_WPM_VULTURE: [11.793839, 16.22136, 7.80625, 15.744182, 17.790777, 15.332667, 26.532618, 13.309604, 19.537943, 19.602253]
TEXT_ENTRY_RATE_MODIFIED_WPM_SHORTEST_VULTURE: [11.793839, 16.22136, 7.80625, 18.327116, 17.790777, 19.422743, 26.532618, 13.309604, 19.537943, 19.602253]
ERROR_RATE_KSPC: [1.0, 1.0, 2.6, 1.4, 1.0, 2.0, 1.0, 1.0, 1.0, 1.0]
ERROR_RATE_MODIFIED_KSPC_SHORTEST: [1.0, 1.0, 2.6, 1.0, 1.0, 1.0, 1.0, 1.0, 1.0, 1.0]
ERROR_RATE_MODIFIED_MSD_SHORTEST: [0.0, 0.0, 0.0, 16.666668, 0.0, 33.333336, 0.0, 0.0, 0.0, 0.0]
ERROR_RATE_MODIFIED_MSD_BACKSPACE: [0.0, 0.0, 30.769232, 14.285715, 0.0, 25.0, 0.0, 0.0, 0.0, 0.0]
TOTAL_ERROR_RATE: [0.0, 0.0, 44.444447, 16.666668, 0.0, 33.333336, 0.0, 0.0, 0.0, 0.0]
TOTAL_ERROR_RATE_MODIFIED_SHORTEST: [0.0, 0.0, 44.444447, 16.666668, 0.0, 33.333336, 0.0, 0.0, 0.0, 0.0]
TOTAL_ERROR_RATE_MODIFIED_BACKSPACE: [0.0, 0.0, 30.769232, 14.285715, 0.0, 25.0, 0.0, 0.0, 0.0, 0.0]
FRECHET_DISTANCE_TOUCH_ONLY: [144.60696, 206.53586, 497.56656, 728.8804, 145.54341, 657.30804, 250.24849, 222.35834, 147.36716, 75.18271]
FRECHET_DISTANCE_TOUCH_ONLY_MODIFIED_SHORTEST: [144.60696, 206.53586, 497.56656, 291.52478, 145.54341, 564.5108, 250.24849, 222.35834, 147.36716, 75.18271]
FRECHET_DISTANCE_TOUCH_ONLY_MODIFIED_BACKSPACE: [144.60696, 206.53586, 287.69244, 291.52478, 145.54341, 333.03186, 250.24849, 222.35834, 147.36716, 75.18271]
KEYBOARD_TYPE: leapAirBimodal
PRACTICE_WORDS_PER_INPUT: 10
WORD_ORDER: [yells, dubs, mans, tom, dinned, sicker, topped, whiff, galea, got]
NUMBER_OF_TIMES_PLANE_BREACHED: [1, 1, 1, 1, 1, 1, 1, 1, 1, 1]
DISTANCE_TRAVELED_TOUCH_ONLY: [35.005657, 20.915976, 39.225468, 12.917156, 31.191982, 42.856937, 28.30621, 19.873432, 40.282135, 14.871452]
DISTANCE_TRAVELED_TOUCH_ONLY_SHORTEST: [35.005657, 20.915976, 39.225468, 12.917156, 31.191982, 42.856937, 28.30621, 19.873432, 40.282135, 14.871452]
TIME_DURATION_TOUCH_ONLY: [2.5741267, 2.3299081, 2.1824853, 1.2867743, 3.2547247, 3.4225063, 2.2313712, 2.294736, 2.7083898, 1.2980036]
TIME_DURATION_TOUCH_ONLY_SHORTEST: [2.5741267, 2.3299081, 2.1824853, 1.2867743, 3.2547247, 3.4225063, 2.2313712, 2.294736, 2.7083898, 1.2980036]
AVERAGE_PIXEL_VELOCITY: [13.633312, 8.963862, 17.956848, 10.061356, 9.596588, 12.541513, 12.669137, 8.6366005, 14.922823, 11.434804]
REACTION_TIME_FIRST_PRESSED: [1.1605892, 1.2337611, 1.1837317, 1.367079, 1.9507711, 1.4839412, 1.183806, 1.9341317, 2.13413, 1.1170496]
REACTION_TIME_FIRST_TOUCH: [1.1605892, 1.2337611, 1.1837317, 1.367079, 1.9507711, 1.4839412, 1.183806, 1.9341317, 2.13413, 1.1170496]
AVERAGE_REACTION_TIME_TO_ERRORS: [0.0, 0.0, 0.0, 0.0, 0.0, 0.0, 0.0, 0.0, 0.0, 0.0]
TEXT_ENTRY_RATE_WPM: [18.6471, 15.451253, 16.494955, 18.65129, 18.434738, 17.531012, 26.889296, 20.91744, 17.722708, 18.489935]
TEXT_ENTRY_RATE_MODIFIED_WPM_SHORTEST: [18.6471, 15.451253, 16.494955, 18.65129, 18.434738, 17.531012, 26.889296, 20.91744, 17.722708, 18.489935]
TEXT_ENTRY_RATE_MODIFIED_WPM_VULTURE: [23.308876, 20.601671, 21.993275, 27.976934, 22.121687, 21.037214, 32.267155, 26.1468, 22.153385, 27.7349]
TEXT_ENTRY_RATE_MODIFIED_WPM_SHORTEST_VULTURE: [23.308876, 20.601671, 21.993275, 27.976934, 22.121687, 21.037214, 32.267155, 26.1468, 22.153385, 27.7349]
ERROR_RATE_KSPC: [1.0, 1.0, 1.0, 1.0, 1.0, 1.0, 1.0, 1.0, 1.0, 1.0]
ERROR_RATE_MODIFIED_KSPC_SHORTEST: [1.0, 1.0, 1.0, 1.0, 1.0, 1.0, 1.0, 1.0, 1.0, 1.0]
ERROR_RATE_MODIFIED_MSD_SHORTEST: [0.0, 0.0, 0.0, 0.0, 0.0, 0.0, 0.0, 0.0, 0.0, 0.0]
ERROR_RATE_MODIFIED_MSD_BACKSPACE: [0.0, 0.0, 0.0, 0.0, 0.0, 0.0, 0.0, 0.0, 0.0, 0.0]
TOTAL_ERROR_RATE: [0.0, 0.0, 0.0, 0.0, 0.0, 0.0, 0.0, 0.0, 0.0, 0.0]
TOTAL_ERROR_RATE_MODIFIED_SHORTEST: [0.0, 0.0, 0.0, 0.0, 0.0, 0.0, 0.0, 0.0, 0.0, 0.0]
TOTAL_ERROR_RATE_MODIFIED_BACKSPACE: [0.0, 0.0, 0.0, 0.0, 0.0, 0.0, 0.0, 0.0, 0.0, 0.0]
FRECHET_DISTANCE_TOUCH_ONLY: [258.06882, 148.54509, 256.0107, 147.16188, 177.26904, 201.82121, 257.48578, 164.88385, 280.3946, 144.37753]
FRECHET_DISTANCE_TOUCH_ONLY_MODIFIED_SHORTEST: [258.06882, 148.54509, 256.0107, 147.16188, 177.26904, 201.82121, 257.48578, 164.88385, 280.3946, 144.37753]
FRECHET_DISTANCE_TOUCH_ONLY_MODIFIED_BACKSPACE: [258.06882, 148.54509, 256.0107, 147.16188, 177.26904, 201.82121, 257.48578, 164.88385, 280.3946, 144.37753]
